10062	1	201402010000	201402022359	除夕春节财源到	恭喜！消耗1000元宝获得22枚白棋子活动奖赏！	1	1000	0	1389	22
10063	1	201402010000	201402022359	除夕春节财源到	恭喜！消耗1000元宝获得4颗强身丹活动奖赏！	1	1000	3	10001	4
10060	1	201402010000	201402022359	除夕春节财源到	恭喜！消耗300元宝获得10枚白棋子活动奖赏！	1	300	0	1389	10
10061	1	201402010000	201402022359	除夕春节财源到	恭喜！消耗300元宝获得2颗强身丹活动奖赏！	1	300	3	10001	2
10066	1	201402010000	201402022359	除夕春节财源到	恭喜！消耗10000元宝获得18枚金棋子活动奖赏！	1	10000	0	1390	18
10067	1	201402010000	201402022359	除夕春节财源到	恭喜！消耗10000元宝获得8颗强身丹活动奖赏！	1	10000	3	10001	8
10064	1	201402010000	201402022359	除夕春节财源到	恭喜！消耗5000元宝获得72枚白棋子活动奖赏！	1	5000	0	1389	72
10065	1	201402010000	201402022359	除夕春节财源到	恭喜！消耗5000元宝获得8颗强身丹活动奖赏！	1	5000	3	10001	8
10068	1	201402020000	201402022359	新春送好礼	恭喜！累计充值100元宝获得5万金币活动奖赏！	0	100	2	-1	50000
10069	1	201402020000	201402022359	新春送好礼	恭喜！累计充值100元宝获得1颗强身丹活动奖赏！	0	100	3	10001	1
10109	1	201402050000	201402062359	新春佳节财源到	恭喜！消耗5000元宝获得8颗强身丹活动奖赏！	1	5000	3	10001	8
10108	1	201402050000	201402062359	新春佳节财源到	恭喜！消耗5000元宝获得72枚白棋子活动奖赏！	1	5000	0	1389	72
10105	1	201402050000	201402062359	新春佳节财源到	恭喜！消耗300元宝获得2颗强身丹活动奖赏！	1	300	3	10001	2
10104	1	201402050000	201402062359	新春佳节财源到	恭喜！消耗300元宝获得10枚白棋子活动奖赏！	1	300	0	1389	10
10107	1	201402050000	201402062359	新春佳节财源到	恭喜！消耗1000元宝获得4颗强身丹活动奖赏！	1	1000	3	10001	4
10106	1	201402050000	201402062359	新春佳节财源到	恭喜！消耗1000元宝获得22枚白棋子活动奖赏！	1	1000	0	1389	22
10101	1	201402050000	201402052359	江湖新春集结令——枯荣长老篇	恭喜！累计充值1000元宝获得40枚黑棋子活动奖赏！	0	1000	0	1388	40
10100	1	201402050000	201402052359	江湖新春集结令——枯荣长老篇	恭喜！累计充值100元宝获得10枚黑棋子活动奖赏！	0	100	0	1388	10
10103	1	201402050000	201402052359	江湖新春集结令——枯荣长老篇	恭喜！累计充值20000元宝获得50枚黑棋子活动奖赏！	0	20000	0	1388	50
10102	1	201402050000	201402052359	江湖新春集结令——枯荣长老篇	恭喜！累计充值20000元宝获得1张星级潜力为7的5星枯荣长老！	0	20000	0	1349	1
10185	1	201402130000	201402152359	元宵消耗有好礼	恭喜！消耗1000元宝获得4颗强身丹活动奖赏！	1	1000	3	10001	4
10184	1	201402130000	201402152359	元宵消耗有好礼	恭喜！消耗1000元宝获得22枚白棋子活动奖赏！	1	1000	0	1389	22
10187	1	201402130000	201402152359	元宵消耗有好礼	恭喜！消耗5000元宝获得8颗强身丹活动奖赏！	1	5000	3	10001	8
10186	1	201402130000	201402152359	元宵消耗有好礼	恭喜！消耗5000元宝获得72枚白棋子活动奖赏！	1	5000	0	1389	72
10181	1	201402150000	201402152359	元宵登录三重礼，上线好礼天天有	恭喜！登录获得100元宝活动奖赏！	5	1	1	-1	100
10180	1	201402140000	201402142359	元宵登录三重礼，上线好礼天天有	恭喜！登录获得3枚金棋子活动奖赏！	5	1	0	1390	3
10183	1	201402130000	201402152359	元宵消耗有好礼	恭喜！消耗300元宝获得2颗强身丹活动奖赏！	1	300	3	10001	2
10182	1	201402130000	201402152359	元宵消耗有好礼	恭喜！消耗300元宝获得10枚白棋子活动奖赏！	1	300	0	1389	10
10189	1	201402130000	201402152359	元宵消耗有好礼	恭喜！消耗10000元宝获得8颗强身丹活动奖赏！	1	10000	3	10001	8
10188	1	201402130000	201402152359	元宵消耗有好礼	恭喜！消耗10000元宝获得18枚金棋子活动奖赏！	1	10000	0	1390	18
10059	1	201402010000	201402012359	江湖新春集结令——虚竹篇	恭喜！累计充值20000元宝获得50枚黑棋子活动奖赏！	0	20000	0	1388	50
10058	1	201402010000	201402012359	江湖新春集结令——虚竹篇	恭喜！累计充值20000元宝获得1张星级潜力为7的5星虚竹！	0	20000	0	1027	1
10057	1	201402010000	201402012359	江湖新春集结令——虚竹篇	恭喜！累计充值1000元宝获得40枚黑棋子活动奖赏！	0	1000	0	1388	40
10056	1	201402010000	201402012359	江湖新春集结令——虚竹篇	恭喜！累计充值100元宝获得10枚黑棋子活动奖赏！	0	100	0	1388	10
10055	1	201401310000	201401312359	新春送好礼	恭喜！累计充值10000元宝获得8颗强身丹活动奖赏！	0	10000	3	10001	8
10054	1	201401310000	201401312359	新春送好礼	恭喜！累计充值10000元宝获得260万金币活动奖赏！	0	10000	2	-1	2600000
10053	1	201401310000	201401312359	新春送好礼	恭喜！累计充值5000元宝获得8颗强身丹活动奖赏！	0	5000	3	10001	8
10052	1	201401310000	201401312359	新春送好礼	恭喜！累计充值5000元宝获得210万金币活动奖赏！	0	5000	2	-1	2100000
10051	1	201401310000	201401312359	新春送好礼	恭喜！累计充值1000元宝获得3颗强身丹活动奖赏！	0	1000	3	10001	3
10050	1	201401310000	201401312359	新春送好礼	恭喜！累计充值1000元宝获得30万金币活动奖赏！	0	1000	2	-1	300000
10118	1	201402060000	201402062359	新春送好礼	恭喜！累计充值5000元宝获得210万金币活动奖赏！	0	5000	2	-1	2100000
10119	1	201402060000	201402062359	新春送好礼	恭喜！累计充值5000元宝获得8颗强身丹活动奖赏！	0	5000	3	10001	8
10116	1	201402060000	201402062359	新春送好礼	恭喜！累计充值1000元宝获得30万金币活动奖赏！	0	1000	2	-1	300000
10117	1	201402060000	201402062359	新春送好礼	恭喜！累计充值1000元宝获得3颗强身丹活动奖赏！	0	1000	3	10001	3
10114	1	201402060000	201402062359	新春送好礼	恭喜！累计充值500元宝获得20万金币活动奖赏！	0	500	2	-1	200000
10115	1	201402060000	201402062359	新春送好礼	恭喜！累计充值500元宝获得2颗强身丹活动奖赏！	0	500	3	10001	2
10112	1	201402060000	201402062359	新春送好礼	恭喜！累计充值100元宝获得5万金币活动奖赏！	0	100	2	-1	50000
10113	1	201402060000	201402062359	新春送好礼	恭喜！累计充值100元宝获得1颗强身丹活动奖赏！	0	100	3	10001	1
10110	1	201402050000	201402062359	新春佳节财源到	恭喜！消耗10000元宝获得18枚金棋子活动奖赏！	1	10000	0	1390	18
10111	1	201402050000	201402062359	新春佳节财源到	恭喜！消耗10000元宝获得8颗强身丹活动奖赏！	1	10000	3	10001	8
10192	1	201402130000	201402152359	元宵佳节，充值送虚竹	恭喜！累计充值20000元宝获得1张星级潜力为7的5星虚竹！	0	20000	0	1027	1
10193	1	201402130000	201402152359	元宵佳节，充值送虚竹	恭喜！累计充值20000元宝获得50枚黑棋子活动奖赏！	0	20000	0	1388	50
10190	1	201402130000	201402152359	元宵佳节，充值送虚竹	恭喜！累计充值100元宝获得10枚黑棋子活动奖赏！	0	100	0	1388	10
10191	1	201402130000	201402152359	元宵佳节，充值送虚竹	恭喜！累计充值1000元宝获得40枚黑棋子活动奖赏！	0	1000	0	1388	40
10048	1	201401310000	201401312359	新春送好礼	恭喜！累计充值500元宝获得20万金币活动奖赏！	0	500	2	-1	200000
10049	1	201401310000	201401312359	新春送好礼	恭喜！累计充值500元宝获得2颗强身丹活动奖赏！	0	500	3	10001	2
10179	1	201402130000	201402132359	元宵登录三重礼，上线好礼天天有	恭喜！登录获得20万金币活动奖赏！	5	1	2	-1	200000
10040	1	201401300000	201401312359	除夕春节财源到	恭喜！消耗1000元宝获得22枚白棋子活动奖赏！	1	1000	0	1389	22
10041	1	201401300000	201401312359	除夕春节财源到	恭喜！消耗1000元宝获得4颗强身丹活动奖赏！	1	1000	3	10001	4
10042	1	201401300000	201401312359	除夕春节财源到	恭喜！消耗5000元宝获得72枚白棋子活动奖赏！	1	5000	0	1389	72
10043	1	201401300000	201401312359	除夕春节财源到	恭喜！消耗5000元宝获得8颗强身丹活动奖赏！	1	5000	3	10001	8
10044	1	201401300000	201401312359	除夕春节财源到	恭喜！消耗10000元宝获得18枚金棋子活动奖赏！	1	10000	0	1390	18
10045	1	201401300000	201401312359	除夕春节财源到	恭喜！消耗10000元宝获得8颗强身丹活动奖赏！	1	10000	3	10001	8
10046	1	201401310000	201401312359	新春送好礼	恭喜！累计充值100元宝获得5万金币活动奖赏！	0	100	2	-1	50000
10047	1	201401310000	201401312359	新春送好礼	恭喜！累计充值100元宝获得1颗强身丹活动奖赏！	0	100	3	10001	1
10129	1	201402070000	201402082359	金币消耗有好礼	恭喜！消耗120万金币获得1枚黑棋子活动奖赏！	2	1200000	0	1388	1
10128	1	201402070000	201402082359	金币消耗有好礼	恭喜！消耗90万金币获得1枚黑棋子活动奖赏！	2	900000	0	1388	1
10123	1	201402070000	201402072359	新春小充值大惊喜	恭喜！累计充值300元宝获得2枚金棋子活动奖赏！	0	300	0	1390	2
10122	1	201402070000	201402072359	新春小充值大惊喜	恭喜！累计充值100元宝获得1枚金棋子活动奖赏！	0	100	0	1390	1
10121	1	201402060000	201402062359	新春送好礼	恭喜！累计充值10000元宝获得8颗强身丹活动奖赏！	0	10000	3	10001	8
10120	1	201402060000	201402062359	新春送好礼	恭喜！累计充值10000元宝获得260万金币活动奖赏！	0	10000	2	-1	2600000
10127	1	201402070000	201402082359	金币消耗有好礼	恭喜！消耗60万金币获得1枚黑棋子活动奖赏！	2	600000	0	1388	1
10126	1	201402070000	201402082359	金币消耗有好礼	恭喜！消耗30万金币获得1枚黑棋子活动奖赏！	2	300000	0	1388	1
10125	1	201402070000	201402072359	新春小充值大惊喜	恭喜！累计充值1000元宝获得60万金币活动奖赏！	0	1000	2	-1	600000
10124	1	201402070000	201402072359	新春小充值大惊喜	恭喜！累计充值1000元宝获得7枚金棋子活动奖赏！	0	1000	0	1390	7
10178	1	201402120000	201402122359	天龙神功大成第五季第二期	恭喜！累计充值10元宝获得1张4星甘宝宝！4星甘宝宝的独门秘技为“真•飞瀑流虹”，使用其对“阿朱”升级时，可升级其独门秘技“真•飞瀑流虹”。 	0	100	0	1053	1
10170	1	201402100000	201402122359	元宝十连抽	恭喜！元宝十连抽获得25枚黑棋子活动奖赏！	4	18	0	1388	25
10171	1	201402100000	201402122359	元宝十连抽	恭喜！元宝十连抽获得25枚黑棋子活动奖赏！	4	19	0	1388	25
10134	1	201402070000	201402082359	金币消耗有好礼	恭喜！消耗270万金币获得1枚黑棋子活动奖赏！	2	2700000	0	1388	1
10135	1	201402070000	201402082359	金币消耗有好礼	恭喜！消耗300万金币获得1枚黑棋子活动奖赏！	2	3000000	0	1388	1
10136	1	201402080000	201402082359	新春小充值大惊喜	恭喜！累计充值100元宝获得1枚金棋子活动奖赏！	0	100	0	1390	1
10137	1	201402080000	201402082359	新春小充值大惊喜	恭喜！累计充值300元宝获得2枚金棋子活动奖赏！	0	300	0	1390	2
10130	1	201402070000	201402082359	金币消耗有好礼	恭喜！消耗150万金币获得1枚黑棋子活动奖赏！	2	1500000	0	1388	1
10131	1	201402070000	201402082359	金币消耗有好礼	恭喜！消耗180万金币获得1枚黑棋子活动奖赏！	2	1800000	0	1388	1
10132	1	201402070000	201402082359	金币消耗有好礼	恭喜！消耗210万金币获得1枚黑棋子活动奖赏！	2	2100000	0	1388	1
10133	1	201402070000	201402082359	金币消耗有好礼	恭喜！消耗240万金币获得1枚黑棋子活动奖赏！	2	2400000	0	1388	1
10138	1	201402080000	201402082359	新春小充值大惊喜	恭喜！累计充值1000元宝获得7枚金棋子活动奖赏！	0	1000	0	1390	7
10139	1	201402080000	201402082359	新春小充值大惊喜	恭喜！累计充值1000元宝获得60万金币活动奖赏！	0	1000	2	-1	600000
10039	1	201401300000	201401312359	除夕春节财源到	恭喜！消耗300元宝获得2颗强身丹活动奖赏！	1	300	3	10001	2
10038	1	201401300000	201401312359	除夕春节财源到	恭喜！消耗300元宝获得10枚白棋子活动奖赏！	1	300	0	1389	10
10035	1	201402050000	201402052359	新春登录九重礼，上线好礼天天有	恭喜！登录获得3枚金棋子活动奖赏！	5	1	0	1390	3
10034	1	201402040000	201402042359	新春登录九重礼，上线好礼天天有	恭喜！登录获得5个大力丸活动奖赏！	5	1	3	10000	5
10037	1	201402070000	201402072359	新春登录九重礼，上线好礼天天有	恭喜！登录获得200元宝活动奖赏！	5	1	1	-1	200
10036	1	201402060000	201402062359	新春登录九重礼，上线好礼天天有	恭喜！登录获得100元宝活动奖赏！	5	1	1	-1	100
10031	1	201402010000	201402012359	新春登录九重礼，上线好礼天天有	恭喜！登录获得3枚金棋子活动奖赏！	5	1	0	1390	3
10030	1	201401310000	201401312359	新春登录九重礼，上线好礼天天有	恭喜！登录获得200元宝活动奖赏！	5	1	1	-1	200
10033	1	201402030000	201402032359	新春登录九重礼，上线好礼天天有	恭喜！登录获得5个强身丹活动奖赏！	5	1	3	10001	5
10032	1	201402020000	201402022359	新春登录九重礼，上线好礼天天有	恭喜！登录获得150000金币活动奖赏！	5	1	2	-1	150000
10141	1	201402080000	201402092359	寒冬季节温情暖暖 好礼连连惊喜不断	恭喜！消耗300元宝获得2颗强身丹活动奖赏！	1	300	3	10001	2
10140	1	201402080000	201402092359	寒冬季节温情暖暖 好礼连连惊喜不断	恭喜！消耗300元宝获得10枚白棋子活动奖赏！	1	300	0	1389	10
10143	1	201402080000	201402092359	寒冬季节温情暖暖 好礼连连惊喜不断	恭喜！消耗1000元宝获得4颗强身丹活动奖赏！	1	1000	3	10001	4
10142	1	201402080000	201402092359	寒冬季节温情暖暖 好礼连连惊喜不断	恭喜！消耗1000元宝获得22枚白棋子活动奖赏！	1	1000	0	1389	22
10145	1	201402080000	201402092359	寒冬季节温情暖暖 好礼连连惊喜不断	恭喜！消耗5000元宝获得8颗强身丹活动奖赏！	1	5000	3	10001	8
10144	1	201402080000	201402092359	寒冬季节温情暖暖 好礼连连惊喜不断	恭喜！消耗5000元宝获得72枚白棋子活动奖赏！	1	5000	0	1389	72
10147	1	201402080000	201402092359	寒冬季节温情暖暖 好礼连连惊喜不断	恭喜！消耗10000元宝获得8颗强身丹活动奖赏！	1	10000	3	10001	8
10146	1	201402080000	201402092359	寒冬季节温情暖暖 好礼连连惊喜不断	恭喜！消耗10000元宝获得18枚金棋子活动奖赏！	1	10000	0	1390	18
10149	1	201402090000	201402092359	新春小充值大惊喜	恭喜！累计充值300元宝获得2枚金棋子活动奖赏！	0	300	0	1390	2
10148	1	201402090000	201402092359	新春小充值大惊喜	恭喜！累计充值100元宝获得1枚金棋子活动奖赏！	0	100	0	1390	1
10028	1	201401300000	201401302359	江湖新春集结令——乔峰篇	恭喜！累计充值20000元宝获得50枚黑棋子活动奖赏！	0	20000	0	1388	50
10029	1	201401300000	201401302359	新春登录九重礼，上线好礼天天有	恭喜！登录获得100元宝活动奖赏！	5	1	1	-1	100
10026	1	201401300000	201401302359	江湖新春集结令——乔峰篇	恭喜！累计充值1000元宝获得40枚黑棋子活动奖赏！	0	1000	0	1388	40
10027	1	201401300000	201401302359	江湖新春集结令——乔峰篇	恭喜！累计充值20000元宝获得1张星级潜力为7的5星乔峰！	0	20000	0	1022	1
10024	1	201401280000	201401292359	元宝十连抽	恭喜！元宝十连抽获得25枚黑棋子活动奖赏！	4	20	0	1388	25
10025	1	201401300000	201401302359	江湖新春集结令——乔峰篇	恭喜！累计充值100元宝获得10枚黑棋子活动奖赏！	0	100	0	1388	10
10022	1	201401280000	201401292359	元宝十连抽	恭喜！元宝十连抽获得25枚黑棋子活动奖赏！	4	18	0	1388	25
10023	1	201401280000	201401292359	元宝十连抽	恭喜！元宝十连抽获得25枚黑棋子活动奖赏！	4	19	0	1388	25
10020	1	201401280000	201401292359	元宝十连抽	恭喜！元宝十连抽获得25枚黑棋子活动奖赏！	4	16	0	1388	25
10021	1	201401280000	201401292359	元宝十连抽	恭喜！元宝十连抽获得25枚黑棋子活动奖赏！	4	17	0	1388	25
10169	1	201402100000	201402122359	元宝十连抽	恭喜！元宝十连抽获得25枚黑棋子活动奖赏！	4	17	0	1388	25
10168	1	201402100000	201402122359	元宝十连抽	恭喜！元宝十连抽获得25枚黑棋子活动奖赏！	4	16	0	1388	25
10152	1	201402100000	201402102359	天龙神功大成第五季第一期	恭喜！累计充值10元宝获得1张4星阿罗！4星阿罗的独门秘技为“真•冰肌玉骨”，使用其对“王语嫣”升级时，可升级其独门秘技“真•冰肌玉骨”。 	0	100	0	1344	1
10153	1	201402100000	201402122359	元宝十连抽	恭喜！元宝十连抽获得25枚黑棋子活动奖赏！	4	1	0	1388	25
10150	1	201402090000	201402092359	新春小充值大惊喜	恭喜！累计充值1000元宝获得7枚金棋子活动奖赏！	0	1000	0	1390	7
10151	1	201402090000	201402092359	新春小充值大惊喜	恭喜！累计充值1000元宝获得60万金币活动奖赏！	0	1000	2	-1	600000
10156	1	201402100000	201402122359	元宝十连抽	恭喜！元宝十连抽获得25枚黑棋子活动奖赏！	4	4	0	1388	25
10157	1	201402100000	201402122359	元宝十连抽	恭喜！元宝十连抽获得25枚黑棋子活动奖赏！	4	5	0	1388	25
10154	1	201402100000	201402122359	元宝十连抽	恭喜！元宝十连抽获得25枚黑棋子活动奖赏！	4	2	0	1388	25
10155	1	201402100000	201402122359	元宝十连抽	恭喜！元宝十连抽获得25枚黑棋子活动奖赏！	4	3	0	1388	25
10163	1	201402100000	201402122359	元宝十连抽	恭喜！元宝十连抽获得25枚黑棋子活动奖赏！	4	11	0	1388	25
10158	1	201402100000	201402122359	元宝十连抽	恭喜！元宝十连抽获得25枚黑棋子活动奖赏！	4	6	0	1388	25
10159	1	201402100000	201402122359	元宝十连抽	恭喜！元宝十连抽获得25枚黑棋子活动奖赏！	4	7	0	1388	25
10162	1	201402100000	201402122359	元宝十连抽	恭喜！元宝十连抽获得25枚黑棋子活动奖赏！	4	10	0	1388	25
10019	1	201401280000	201401292359	元宝十连抽	恭喜！元宝十连抽获得25枚黑棋子活动奖赏！	4	15	0	1388	25
10018	1	201401280000	201401292359	元宝十连抽	恭喜！元宝十连抽获得25枚黑棋子活动奖赏！	4	14	0	1388	25
10013	1	201401280000	201401292359	元宝十连抽	恭喜！元宝十连抽获得25枚黑棋子活动奖赏！	4	9	0	1388	25
10012	1	201401280000	201401292359	元宝十连抽	恭喜！元宝十连抽获得25枚黑棋子活动奖赏！	4	8	0	1388	25
10011	1	201401280000	201401292359	元宝十连抽	恭喜！元宝十连抽获得25枚黑棋子活动奖赏！	4	7	0	1388	25
10010	1	201401280000	201401292359	元宝十连抽	恭喜！元宝十连抽获得25枚黑棋子活动奖赏！	4	6	0	1388	25
10017	1	201401280000	201401292359	元宝十连抽	恭喜！元宝十连抽获得25枚黑棋子活动奖赏！	4	13	0	1388	25
10016	1	201401280000	201401292359	元宝十连抽	恭喜！元宝十连抽获得25枚黑棋子活动奖赏！	4	12	0	1388	25
10015	1	201401280000	201401292359	元宝十连抽	恭喜！元宝十连抽获得25枚黑棋子活动奖赏！	4	11	0	1388	25
10014	1	201401280000	201401292359	元宝十连抽	恭喜！元宝十连抽获得25枚黑棋子活动奖赏！	4	10	0	1388	25
10093	1	201402040000	201402042359	新春送好礼	恭喜！累计充值500元宝获得2颗强身丹活动奖赏！	0	500	3	10001	2
10092	1	201402040000	201402042359	新春送好礼	恭喜！累计充值500元宝获得20万金币活动奖赏！	0	500	2	-1	200000
10091	1	201402040000	201402042359	新春送好礼	恭喜！累计充值100元宝获得1颗强身丹活动奖赏！	0	100	3	10001	1
10090	1	201402040000	201402042359	新春送好礼	恭喜！累计充值100元宝获得5万金币活动奖赏！	0	100	2	-1	50000
10097	1	201402040000	201402042359	新春送好礼	恭喜！累计充值5000元宝获得8颗强身丹活动奖赏！	0	5000	3	10001	8
10096	1	201402040000	201402042359	新春送好礼	恭喜！累计充值5000元宝获得210万金币活动奖赏！	0	5000	2	-1	2100000
10095	1	201402040000	201402042359	新春送好礼	恭喜！累计充值1000元宝获得3颗强身丹活动奖赏！	0	1000	3	10001	3
10094	1	201402040000	201402042359	新春送好礼	恭喜！累计充值1000元宝获得30万金币活动奖赏！	0	1000	2	-1	300000
10099	1	201402040000	201402042359	新春送好礼	恭喜！累计充值10000元宝获得8颗强身丹活动奖赏！	0	10000	3	10001	8
10098	1	201402040000	201402042359	新春送好礼	恭喜！累计充值10000元宝获得260万金币活动奖赏！	0	10000	2	-1	2600000
10004	1	201401280000	201401292359	年前送好礼，欢乐奖不停	恭喜！累计充值10000元宝获得350万金币活动奖赏！	0	10000	2	-1	3500000
10005	1	201401280000	201401292359	元宝十连抽	恭喜！元宝十连抽获得25枚黑棋子活动奖赏！	4	1	0	1388	25
10006	1	201401280000	201401292359	元宝十连抽	恭喜！元宝十连抽获得25枚黑棋子活动奖赏！	4	2	0	1388	25
10007	1	201401280000	201401292359	元宝十连抽	恭喜！元宝十连抽获得25枚黑棋子活动奖赏！	4	3	0	1388	25
10000	1	201401280000	201401292359	年前送好礼，欢乐奖不停	恭喜！累计充值100元宝获得3万金币活动奖赏！	0	100	2	-1	30000
10001	1	201401280000	201401292359	年前送好礼，欢乐奖不停	恭喜！累计充值500元宝获得15万金币活动奖赏！	0	500	2	-1	150000
10002	1	201401280000	201401292359	年前送好礼，欢乐奖不停	恭喜！累计充值1000元宝获得30万金币活动奖赏！	0	1000	2	-1	300000
10003	1	201401280000	201401292359	年前送好礼，欢乐奖不停	恭喜！累计充值5000元宝获得160万金币活动奖赏！	0	5000	2	-1	1600000
10167	1	201402100000	201402122359	元宝十连抽	恭喜！元宝十连抽获得25枚黑棋子活动奖赏！	4	15	0	1388	25
10166	1	201402100000	201402122359	元宝十连抽	恭喜！元宝十连抽获得25枚黑棋子活动奖赏！	4	14	0	1388	25
10165	1	201402100000	201402122359	元宝十连抽	恭喜！元宝十连抽获得25枚黑棋子活动奖赏！	4	13	0	1388	25
10164	1	201402100000	201402122359	元宝十连抽	恭喜！元宝十连抽获得25枚黑棋子活动奖赏！	4	12	0	1388	25
10008	1	201401280000	201401292359	元宝十连抽	恭喜！元宝十连抽获得25枚黑棋子活动奖赏！	4	4	0	1388	25
10009	1	201401280000	201401292359	元宝十连抽	恭喜！元宝十连抽获得25枚黑棋子活动奖赏！	4	5	0	1388	25
10161	1	201402100000	201402122359	元宝十连抽	恭喜！元宝十连抽获得25枚黑棋子活动奖赏！	4	9	0	1388	25
10160	1	201402100000	201402122359	元宝十连抽	恭喜！元宝十连抽获得25枚黑棋子活动奖赏！	4	8	0	1388	25
10088	1	201402030000	201402042359	新春佳节财源到	恭喜！消耗10000元宝获得18枚金棋子活动奖赏！	1	10000	0	1390	18
10089	1	201402030000	201402042359	新春佳节财源到	恭喜！消耗10000元宝获得8颗强身丹活动奖赏！	1	10000	3	10001	8
10084	1	201402030000	201402042359	新春佳节财源到	恭喜！消耗1000元宝获得22枚白棋子活动奖赏！	1	1000	0	1389	22
10085	1	201402030000	201402042359	新春佳节财源到	恭喜！消耗1000元宝获得4颗强身丹活动奖赏！	1	1000	3	10001	4
10086	1	201402030000	201402042359	新春佳节财源到	恭喜！消耗5000元宝获得72枚白棋子活动奖赏！	1	5000	0	1389	72
10087	1	201402030000	201402042359	新春佳节财源到	恭喜！消耗5000元宝获得8颗强身丹活动奖赏！	1	5000	3	10001	8
10080	1	201402030000	201402032359	江湖新春集结令——段誉篇	恭喜！累计充值20000元宝获得1张星级潜力为7的5星段誉！	0	20000	0	1032	1
10081	1	201402030000	201402032359	江湖新春集结令——段誉篇	恭喜！累计充值20000元宝获得50枚黑棋子活动奖赏！	0	20000	0	1388	50
10082	1	201402030000	201402042359	新春佳节财源到	恭喜！消耗300元宝获得10枚白棋子活动奖赏！	1	300	0	1389	10
10083	1	201402030000	201402042359	新春佳节财源到	恭喜！消耗300元宝获得2颗强身丹活动奖赏！	1	300	3	10001	2
10071	1	201402020000	201402022359	新春送好礼	恭喜！累计充值500元宝获得2颗强身丹活动奖赏！	0	500	3	10001	2
10070	1	201402020000	201402022359	新春送好礼	恭喜！累计充值500元宝获得20万金币活动奖赏！	0	500	2	-1	200000
10073	1	201402020000	201402022359	新春送好礼	恭喜！累计充值1000元宝获得3颗强身丹活动奖赏！	0	1000	3	10001	3
10072	1	201402020000	201402022359	新春送好礼	恭喜！累计充值1000元宝获得30万金币活动奖赏！	0	1000	2	-1	300000
10075	1	201402020000	201402022359	新春送好礼	恭喜！累计充值5000元宝获得8颗强身丹活动奖赏！	0	5000	3	10001	8
10074	1	201402020000	201402022359	新春送好礼	恭喜！累计充值5000元宝获得210万金币活动奖赏！	0	5000	2	-1	2100000
10077	1	201402020000	201402022359	新春送好礼	恭喜！累计充值10000元宝获得8颗强身丹活动奖赏！	0	10000	3	10001	8
10076	1	201402020000	201402022359	新春送好礼	恭喜！累计充值10000元宝获得260万金币活动奖赏！	0	10000	2	-1	2600000
10079	1	201402030000	201402032359	江湖新春集结令——段誉篇	恭喜！累计充值1000元宝获得40枚黑棋子活动奖赏！	0	1000	0	1388	40
10078	1	201402030000	201402032359	江湖新春集结令——段誉篇	恭喜！累计充值100元宝获得10枚黑棋子活动奖赏！	0	100	0	1388	10
10172	1	201402100000	201402122359	元宝十连抽	恭喜！元宝十连抽获得25枚黑棋子活动奖赏！	4	20	0	1388	25
10173	1	201402110000	201402112359	充值有惊喜，好礼送到家	恭喜！累计充值100元宝获得3万金币活动奖赏！	0	100	2	-1	30000
10174	1	201402110000	201402112359	充值有惊喜，好礼送到家	恭喜！累计充值500元宝获得12万金币活动奖赏！	0	500	2	-1	120000
10175	1	201402110000	201402112359	充值有惊喜，好礼送到家	恭喜！累计充值1000元宝获得15万金币活动奖赏！	0	1000	2	-1	150000
10176	1	201402110000	201402112359	充值有惊喜，好礼送到家	恭喜！累计充值5000元宝获得130万金币活动奖赏！	0	5000	2	-1	1300000
10177	1	201402110000	201402112359	充值有惊喜，好礼送到家	恭喜！累计充值10000元宝获得190万金币活动奖赏！	0	10000	2	-1	1900000
