216	11268	zhennanwangfu	BattleUICollection2	7	-1	-1	-1	2818	2818	2818	2818	2818	2818	2819	-1	2819	2819	2819	2819	2818	-1	2819	-1	2820	-1	-1	-1	24	11115	huanggong	11132	-1	-1	-1	-1	-1	-1	-1
217	11269	zhennanwangfu	BattleUICollection2	7	-1	-1	-1	2821	2821	2821	2821	2821	2821	2821	-1	2821	2821	2821	2821	-1	2823	-1	2822	-1	2822	-1	-1	24	11115	huanggong	11132	-1	-1	-1	-1	-1	-1	-1
214	11266	siyuan	BattleUICollection5	7	-1	-1	-1	2812	-1	2812	2812	2812	2812	2812	2812	2812	2812	2812	2812	2814	-1	2815	-1	2813	-1	-1	-1	23	11115	siyuan	11132	1	2814	2815	70072	-1	6041	-1
215	11267	zhennanwangfu	BattleUICollection2	7	-1	-1	-1	2816	2816	2816	2816	2816	2816	2816	-1	2816	2816	2816	2816	2816	-1	2816	-1	2817	-1	-1	-1	24	11115	huanggong	11132	-1	-1	-1	-1	6036	-1	-1
212	11264	siyuan	BattleUICollection5	7	-1	-1	-1	2806	-1	2806	2806	2806	2806	2806	2806	2806	2806	2806	2806	-1	2808	-1	2807	-1	2807	-1	-1	23	10843	siyuan	10860	-1	-1	-1	-1	-1	-1	-1
213	11265	siyuan	BattleUICollection5	7	-1	-1	-1	2809	-1	2809	2809	2809	2809	2809	2809	2809	2809	2809	2809	-1	2811	-1	2810	-1	2810	-1	-1	23	10843	siyuan	10860	-1	-1	-1	-1	-1	-1	-1
210	11262	siyuan	BattleUICollection5	7	-1	-1	-1	2800	-1	2800	2800	2800	2800	2800	2800	2800	2800	2800	2800	-1	2802	-1	2801	-1	2801	-1	-1	23	10843	siyuan	10860	-1	-1	-1	-1	-1	-1	-1
211	11263	siyuan	BattleUICollection5	7	-1	-1	-1	2803	-1	2803	2803	2803	2803	2803	2803	2803	2803	2803	2803	-1	2805	-1	2804	-1	2804	-1	-1	23	10843	siyuan	10860	-1	-1	-1	-1	-1	-1	-1
165	11184	heye	BattleUICollection4	7	-1	-1	-1	2672	2670	2672	2670	2670	2670	2670	2671	2672	2670	2670	2670	2670	2175	2672	2670	-1	2672	-1	-1	17	7457	jiangnanshuixiang	7948	-1	-1	-1	-1	-1	-1	-1
218	11270	zhennanwangfu	BattleUICollection2	7	-1	-1	-1	2824	2824	2824	2824	2824	2824	2824	-1	2824	2824	2824	2824	-1	2825	-1	2824	-1	2824	-1	-1	24	11115	huanggong	11132	-1	-1	-1	-1	-1	-1	-1
219	11271	zhennanwangfu	BattleUICollection2	7	-1	-1	-1	2826	2826	2826	2826	2826	2826	2826	-1	2826	2826	2826	2826	-1	2828	-1	2827	-1	2827	-1	-1	24	11115	huanggong	11132	-1	-1	-1	-1	-1	-1	-1
133	11152	huanggong	BattleUICollection3	7	-1	-1	-1	2626	2626	2626	2627	2627	2627	2628	-1	2628	2629	2629	2629	2630	2146	2631	2632	-1	2633	-1	-1	14	5138	huanggong	5543	-1	-1	-1	-1	-1	6027	-1
132	11151	huanggong	BattleUICollection3	7	-1	-1	-1	2621	2621	2621	2622	2622	2622	2623	-1	2623	2624	2624	2624	2621	2625	2622	2623	-1	2624	-1	-1	14	5138	huanggong	5543	-1	-1	-1	-1	-1	-1	-1
131	11150	huanggong	BattleUICollection3	7	-1	-1	-1	2616	2616	2616	2617	2617	2617	2618	-1	2618	2619	2619	2619	2616	2241	2617	2618	-1	2619	-1	-1	14	4942	huanggong	5339	-1	-1	-1	-1	-1	-1	-1
130	11149	huanggong	BattleUICollection3	7	-1	-1	-1	2612	2612	2612	2613	2613	2613	2614	-1	2614	2615	2615	2615	2612	2246	2613	2614	-1	2615	-1	-1	14	4942	huanggong	5339	-1	-1	-1	-1	-1	-1	-1
137	11156	siyuan	BattleUICollection5	7	-1	-1	-1	2264	-1	2264	2263	2263	2263	2264	2264	2264	2263	2263	2263	2263	2258	2264	2264	-1	2263	-1	-1	15	5323	siyuan	5735	-1	-1	-1	-1	-1	-1	-1
136	11155	siyuan	BattleUICollection5	7	-1	-1	-1	2260	2260	2260	2259	2260	2260	2260	2260	2260	2259	2259	2259	2259	2148	2259	2260	-1	2260	-1	-1	15	5323	siyuan	5735	-1	-1	-1	-1	-1	-1	-1
135	11154	siyuan	BattleUICollection5	7	-1	-1	-1	2256	2256	2255	2255	2256	2255	2256	2256	2256	2256	-1	2256	2255	2257	2255	2256	-1	2256	-1	-1	15	5323	siyuan	5735	-1	-1	-1	-1	-1	-1	-1
134	11153	siyuan	BattleUICollection5	7	-1	-1	-1	2256	2256	2256	2255	2255	2256	2255	2255	2255	2256	2256	2256	2256	2147	2256	2255	-1	2255	-1	-1	15	5138	siyuan	5543	-1	-1	-1	-1	6028	-1	-1
139	11158	siyuan	BattleUICollection5	7	-1	-1	-1	2221	2221	2221	2221	2221	2221	2221	2221	2221	2221	2221	2221	2221	2282	2221	2221	-1	2221	-1	-1	15	5527	siyuan	5947	-1	-1	-1	-1	-1	-1	-1
138	11157	siyuan	BattleUICollection5	7	-1	-1	-1	2268	2268	2268	2267	2267	2267	2268	2268	2268	2267	2267	2267	2149	-1	2150	-1	2267	-1	-1	-1	15	5527	siyuan	5947	-1	-1	-1	-1	-1	-1	-1
166	11185	heye	BattleUICollection4	7	-1	-1	-1	2675	2673	2675	2673	2673	2673	2673	2674	2675	2673	2673	2673	2673	2298	2675	2673	-1	2673	-1	-1	17	7457	jiangnanshuixiang	7948	-1	-1	-1	-1	-1	-1	-1
24	11043	zhennanwangfu	BattleUICollection2	3	-1	-1	-1	-1	2349	-1	2349	-1	2349	2349	2349	2349	2349	-1	2349	-1	2031	-1	2350	-1	2350	-1	-1	3	175	huanggong	203	-1	-1	-1	-1	-1	-1	-1
25	11044	zhennanwangfu	BattleUICollection2	3	-1	-1	-1	-1	2351	-1	2351	-1	2351	-1	2351	-1	2351	2351	2351	-1	2032	-1	2352	-1	2352	-1	-1	3	175	huanggong	227	-1	-1	-1	-1	-1	-1	-1
26	11045	zhennanwangfu	BattleUICollection2	3	-1	-1	-1	-1	2351	-1	2351	2351	2351	-1	2351	-1	2351	2351	2351	-1	2030	-1	2352	-1	2352	-1	-1	3	196	huanggong	227	-1	-1	-1	-1	-1	-1	-1
27	11046	zhennanwangfu	BattleUICollection2	3	-1	-1	-1	2351	2351	2351	2351	2351	2351	2351	2351	2351	2351	2351	2351	2022	-1	2023	-1	2352	-1	-1	-1	3	196	huanggong	251	1	2023	2022	70052	-1	6005	1
20	11039	zhennanwangfu	BattleUICollection2	3	-1	-1	-1	-1	2021	-1	2021	2021	2021	2021	-1	2021	2021	2021	2021	-1	2027	-1	2021	-1	2021	-1	-1	3	135	huanggong	160	-1	-1	-1	-1	-1	-1	-1
21	11040	zhennanwangfu	BattleUICollection2	3	-1	-1	-1	-1	2021	-1	2021	-1	2021	2021	2021	2021	2021	-1	2021	-1	2028	-1	2021	-1	2021	-1	-1	3	135	huanggong	181	-1	-1	-1	-1	6004	-1	-1
22	11041	zhennanwangfu	BattleUICollection2	3	-1	-1	-1	-1	2349	-1	2349	-1	2349	2349	2349	2349	2349	-1	2349	-1	2029	-1	2350	-1	2350	-1	-1	3	135	huanggong	181	-1	-1	-1	-1	-1	-1	-1
23	11042	zhennanwangfu	BattleUICollection2	3	-1	-1	-1	-1	2349	-1	2349	-1	2349	2349	2349	2349	2349	-1	2349	-1	2026	-1	2350	-1	2350	-1	-1	3	175	huanggong	203	-1	-1	-1	-1	-1	-1	-1
160	11179	heye	BattleUICollection4	7	-1	-1	-1	2659	2660	2659	2659	2660	2659	2659	2659	2659	2660	2660	2660	2660	2169	2659	2659	-1	2660	-1	-1	17	6999	jiangnanshuixiang	7474	-1	-1	-1	-1	-1	-1	-1
28	11047	heye	BattleUICollection4	3	-1	-1	-1	2033	2033	2033	-1	2033	-1	2033	2033	2033	-1	2033	-1	2033	2035	2033	2033	-1	2033	-1	-1	4	196	jiangnanshuixiang	251	-1	-1	-1	-1	6006	-1	-1
29	11048	heye	BattleUICollection4	5	-1	-1	-1	-1	2034	-1	2034	2034	2034	-1	2034	-1	2034	2034	2034	2034	2036	2034	2034	-1	2034	-1	-1	4	220	jiangnanshuixiang	463	-1	-1	-1	-1	-1	-1	-1
161	11180	heye	BattleUICollection4	7	-1	-1	-1	2172	2172	2172	2170	2171	2172	2170	2171	2172	2170	2170	2172	2172	2173	2172	2171	-1	2171	-1	-1	17	6999	jiangnanshuixiang	7474	-1	-1	-1	-1	-1	-1	-1
4	11023	wuliangshan	BattleUICollection7	3	-1	-1	-1	-1	2303	-1	2304	-1	2304	-1	2303	-1	2304	-1	2304	-1	2005	-1	2311	-1	2312	-1	-1	1	16	shanjing	23	-1	-1	-1	-1	-1	-1	-1
8	11027	wuliangshan	BattleUICollection7	3	-1	-1	-1	2315	2315	2315	-1	2316	-1	2317	2317	2317	-1	2318	-1	2003	-1	2310	-1	2316	-1	-1	-1	1	48	shanjing	54	-1	-1	-1	-1	-1	-1	-1
163	11182	heye	BattleUICollection4	7	-1	-1	-1	2666	2666	2666	2664	2664	2666	2664	2665	2666	2664	2664	2666	2666	2174	2666	2666	-1	2664	-1	-1	17	7237	jiangnanshuixiang	7720	-1	-1	-1	-1	-1	-1	-1
119	11138	digong	BattleUICollection2	7	-1	-1	-1	2586	2588	2586	-1	2587	-1	2586	2587	2588	2587	-1	2587	2586	2589	2588	2588	-1	2587	-1	-1	13	4226	shanjing	4593	-1	-1	-1	-1	-1	-1	-1
10010	11235	xueshan	BattleUICollection6	12	-1	-1	-1	-1	4014	-1	4015	4015	4015	4014	4014	4014	4015	-1	4015	4015	4016	4015	4014	-1	4014	-1	3	1001	3527	xuejing	200000	-1	-1	-1	-1	-1	-1	-1
120	11139	digong	BattleUICollection2	7	-1	-1	-1	-1	2592	-1	2590	2591	2590	2590	2590	2592	2591	-1	2591	2136	-1	2137	-1	2591	-1	-1	-1	13	4406	shanjing	4781	-1	-1	-1	-1	-1	-1	-1
121	11140	digong	BattleUICollection2	7	-1	-1	-1	2595	2595	2593	2593	-1	2593	2593	2594	2595	2594	2593	2594	2593	2596	2595	2595	-1	2594	-1	-1	13	4406	shanjing	4781	-1	-1	-1	-1	-1	-1	-1
122	11141	digong	BattleUICollection2	7	-1	-1	-1	2599	2599	2598	2597	2598	2597	2599	2597	2599	2598	2597	2597	2598	2138	2599	2599	-1	2598	-1	-1	13	4406	shanjing	4781	-1	-1	-1	-1	-1	-1	-1
123	11142	digong	BattleUICollection2	7	-1	-1	-1	2602	2602	2601	2601	2600	2602	2602	2600	2602	2602	2600	2600	2601	2139	2602	2602	-1	2602	-1	-1	13	4576	shanjing	4958	-1	-1	-1	-1	-1	-1	-1
124	11143	digong	BattleUICollection2	7	-1	-1	-1	2603	2605	2604	2604	2604	2603	2605	-1	2605	2605	-1	2603	2140	-1	2141	-1	2605	-1	-1	-1	13	4576	shanjing	4958	-1	-1	-1	-1	-1	6025	-1
125	11144	huanggong	BattleUICollection3	7	-1	-1	-1	-1	2143	-1	2142	2143	2142	2142	2142	2142	2143	-1	2143	-1	2144	-1	2143	-1	2142	-1	-1	14	4576	huanggong	4958	-1	-1	-1	-1	-1	-1	-1
126	11145	huanggong	BattleUICollection3	7	-1	-1	-1	-1	2607	-1	2606	2607	2606	2606	-1	2606	2607	2607	2607	2607	2145	2607	2606	-1	2606	-1	-1	14	4764	huanggong	5154	-1	-1	-1	-1	6026	-1	-1
127	11146	huanggong	BattleUICollection3	7	-1	-1	-1	2239	-1	2239	2240	2240	2240	2239	-1	2239	2239	2239	2239	2240	2241	2240	2240	-1	2240	-1	-1	14	4764	huanggong	5154	-1	-1	-1	-1	-1	-1	-1
128	11147	huanggong	BattleUICollection3	7	-1	-1	-1	2243	2243	2243	2244	2244	2244	2243	-1	2243	2243	2243	2243	2243	2242	2243	2243	-1	2243	-1	-1	14	4764	huanggong	5154	-1	-1	-1	-1	-1	-1	-1
129	11148	huanggong	BattleUICollection3	7	-1	-1	-1	2610	2610	2610	2611	2611	2611	2608	-1	2608	2609	2609	2609	2610	2245	2611	2607	-1	2608	-1	-1	14	4942	huanggong	5339	-1	-1	-1	-1	-1	-1	-1
167	11186	siyuan	BattleUICollection5	7	-1	-1	-1	2180	2180	2180	2179	2179	2180	2179	2179	2179	2180	2180	2180	2179	2183	2179	2179	-1	2180	-1	-1	18	7457	siyuan	7948	-1	-1	-1	-1	6031	-1	-1
10026	11287	siyuan	BattleUICollection5	15	-1	-1	-1	4060	4060	4060	-1	4061	-1	4061	4061	4061	-1	4060	-1	-1	4064	-1	4062	-1	4063	-1	2	1012	1358	siyuan	1391	-1	-1	-1	-1	-1	-1	-1
118	11137	digong	BattleUICollection2	7	-1	-1	-1	2586	2588	2586	2586	2587	2587	2586	2587	2588	2586	2587	2586	2586	2135	2588	2586	-1	2587	-1	-1	13	4226	shanjing	4593	-1	-1	-1	-1	-1	-1	-1
59	11078	heye	BattleUICollection4	5	-1	-1	-1	2430	2430	2430	2431	2431	2431	2431	2431	2431	2432	2432	2432	2432	2086	2432	2431	-1	2431	-1	-1	7	1089	jiangnanshuixiang	1247	-1	-1	-1	-1	-1	-1	-1
58	11077	heye	BattleUICollection4	5	-1	-1	-1	-1	2426	-1	2424	2424	2424	-1	2426	-1	2425	2425	2425	2427	-1	2427	2428	2085	2429	-1	-1	7	1089	jiangnanshuixiang	1247	-1	-1	-1	-1	6012	-1	-1
55	11074	juxianzhuang	BattleUICollection5	5	-1	-1	-1	2413	2413	2413	2412	2412	2412	2415	2414	2415	2414	2415	2414	2077	-1	2076	-1	2415	-1	-1	-1	6	1020	juxianzhuang	1174	1	2076	2077	70053	-1	-1	-1
54	11073	juxianzhuang	BattleUICollection5	5	-1	-1	-1	2211	2211	2211	2212	2212	2212	2409	2408	2409	2408	2409	2408	2411	2073	2411	2410	-1	2410	-1	-1	6	1020	juxianzhuang	1174	-1	-1	-1	-1	-1	-1	-1
57	11076	heye	BattleUICollection4	5	-1	-1	-1	-1	2082	-1	2081	2081	2081	-1	2083	-1	2082	2082	2082	2422	-1	2422	2423	2084	2423	-1	-1	7	1089	jiangnanshuixiang	1247	-1	-1	-1	-1	-1	-1	-1
56	11075	juxianzhuang	BattleUICollection5	5	-1	-1	-1	2417	2417	2417	2416	2417	2416	2419	2419	2419	2418	2418	2418	2420	-1	2421	2078	2080	2079	-1	-1	6	1020	juxianzhuang	1174	1	2078	2079	70054	-1	6011	-1
51	11070	juxianzhuang	BattleUICollection5	5	-1	-1	-1	2210	2210	2210	2210	2211	2210	2211	2210	2211	2210	2211	2210	2211	2069	2211	2210	-1	2210	-1	-1	6	951	juxianzhuang	1100	-1	-1	-1	-1	-1	-1	-1
50	11069	juxianzhuang	BattleUICollection5	5	-1	-1	-1	-1	2209	-1	2208	2209	2208	2209	-1	2209	-1	2208	-1	2067	-1	2068	-1	2209	-1	-1	-1	6	823	juxianzhuang	1031	-1	-1	-1	-1	-1	-1	-1
53	11072	juxianzhuang	BattleUICollection5	5	-1	-1	-1	2407	2407	2407	2406	2406	2407	2407	2407	2407	2406	-1	2406	2074	-1	2075	-1	2406	-1	-1	-1	6	951	juxianzhuang	1100	-1	-1	-1	-1	-1	-1	-1
52	11071	juxianzhuang	BattleUICollection5	5	-1	-1	-1	-1	2071	-1	2070	2070	2071	2071	-1	2071	2070	2070	2070	2071	2072	2071	2070	-1	2070	-1	-1	6	951	juxianzhuang	1100	-1	-1	-1	-1	-1	-1	-1
10027	11288	siyuan	BattleUICollection5	25	-1	-1	-1	4065	4065	4065	-1	4066	-1	4066	4066	4066	-1	4065	-1	-1	4069	-1	4067	-1	4068	-1	2	1012	3527	siyuan	3583	-1	-1	-1	-1	-1	-1	-1
164	11183	heye	BattleUICollection4	7	-1	-1	-1	2669	2669	2669	2667	2667	2667	2667	2668	2669	2667	2667	2669	2667	2177	2669	2667	-1	2668	-1	-1	17	7237	jiangnanshuixiang	7720	-1	-1	-1	-1	-1	-1	-1
201	11253	siyuan	BattleUICollection5	7	-1	-1	-1	2763	2763	2763	-1	2764	2764	2763	2763	2763	2764	2764	2764	-1	2765	-1	2764	-1	2763	-1	-1	22	10544	siyuan	10561	-1	-1	-1	-1	6038	-1	-1
199	11251	wuliangshan	BattleUICollection7	7	-1	-1	-1	2753	-1	2753	2754	2754	2754	2754	-1	2754	2755	2755	2755	-1	2756	-1	2754	-1	2755	-1	-1	21	10279	shanjing	10296	-1	-1	-1	-1	-1	-1	-1
179	11198	lingjiugong	BattleUICollection6	7	-1	-1	-1	2694	2694	2694	-1	2694	-1	2694	2694	2694	2694	2694	2694	2695	2192	2695	2695	-1	2695	-1	-1	19	8421	xuejing	8944	-1	-1	-1	-1	-1	-1	-1
10016	11230	heye	BattleUICollection4	15	-1	-1	-1	3034	3035	3036	3037	3038	3039	3034	3035	3036	3037	3038	3039	-1	3043	-1	3037	-1	3037	-1	2	1009	500	jiangnanshuixiang	500	-1	-1	-1	-1	-1	-1	-1
200	11252	wuliangshan	BattleUICollection7	7	-1	-1	-1	2757	-1	2757	2758	2758	2758	2758	-1	2758	2759	2759	2759	2760	-1	2760	2761	2762	2761	-1	-1	21	10544	shanjing	10561	-1	-1	-1	-1	-1	6043	-1
195	11247	wuliangshan	BattleUICollection7	7	-1	-1	-1	2737	-1	2737	2738	2738	2738	2738	-1	2738	2739	2739	2739	-1	2740	-1	2738	-1	2739	-1	-1	21	10279	shanjing	10296	-1	-1	-1	-1	-1	-1	-1
194	11246	wuliangshan	BattleUICollection7	7	-1	-1	-1	2733	-1	2733	2734	2734	2734	2734	-1	2734	2735	2735	2735	-1	2736	-1	2733	-1	2734	-1	-1	21	10279	shanjing	10296	-1	-1	-1	-1	6042	-1	-1
197	11249	wuliangshan	BattleUICollection7	7	-1	-1	-1	2745	-1	2745	2746	2746	2746	2745	-1	2745	2746	2746	2746	-1	2748	-1	2746	-1	2747	-1	-1	21	10279	shanjing	10296	-1	-1	-1	-1	-1	-1	-1
178	11197	lingjiugong	BattleUICollection6	7	-1	-1	-1	2693	2693	2693	-1	2693	-1	2693	2693	2693	2693	2693	2693	2693	2190	2693	2693	-1	2693	-1	-1	19	8421	xuejing	8944	-1	-1	-1	-1	-1	-1	-1
191	11210	siyuan	BattleUICollection5	7	-1	-1	-1	2723	2723	2723	2722	2722	2722	-1	2722	-1	2723	2723	2723	2723	2724	2723	2722	-1	2722	-1	-1	20	9731	siyuan	10005	-1	-1	-1	-1	-1	-1	-1
190	11209	siyuan	BattleUICollection5	7	-1	-1	-1	2719	2719	2719	2718	2718	2718	-1	2718	-1	2719	2719	2719	2721	2206	2721	2720	-1	2720	-1	-1	20	9450	siyuan	10005	-1	-1	-1	-1	-1	-1	-1
193	11212	siyuan	BattleUICollection5	7	-1	-1	-1	2730	2729	2729	2730	2729	2729	2730	2730	2730	2729	2729	2729	2732	2302	2732	2731	-1	2731	-1	-1	20	10279	siyuan	10296	-1	-1	-1	-1	-1	-1	-1
192	11211	siyuan	BattleUICollection5	7	-1	-1	-1	2725	2725	2725	2726	2726	2726	2725	2725	2725	2726	2726	2726	2728	2207	2728	2727	-1	2727	-1	-1	20	9989	siyuan	10296	-1	-1	-1	-1	-1	-1	-1
115	11134	digong	BattleUICollection2	7	-1	-1	-1	-1	2576	-1	2574	2574	2575	2574	2575	2576	2574	2575	2574	2574	2231	2576	2576	-1	2575	-1	-1	13	2902	shanjing	4422	-1	-1	-1	-1	-1	-1	-1
114	11133	digong	BattleUICollection2	7	-1	-1	-1	-1	2572	-1	2571	2572	2573	2571	2572	2573	2571	2572	2573	2571	2133	2573	2571	-1	2571	-1	-1	13	2902	shanjing	4422	-1	-1	-1	-1	-1	-1	-1
88	11107	huanggong	BattleUICollection3	5	-1	-1	-1	2510	2510	2510	2512	2512	2512	2511	2511	2511	2512	2512	2512	2510	2108	2510	2511	-1	2511	-1	-1	10	1925	xuejing	2135	-1	-1	-1	-1	-1	-1	-1
89	11108	huanggong	BattleUICollection3	5	-1	-1	-1	2513	2513	2513	-1	2515	-1	2514	2514	2514	2515	2515	2515	2513	2516	2513	2515	-1	2515	-1	-1	10	1925	xuejing	2135	-1	-1	-1	-1	-1	-1	-1
111	11130	wuliangshan	BattleUICollection7	7	-1	-1	-1	-1	2564	-1	2563	2563	2564	2563	2564	2564	2564	-1	2563	2565	-1	2566	-1	2564	-1	-1	-1	12	2779	shanjing	4242	-1	-1	-1	-1	-1	-1	-1
110	11129	wuliangshan	BattleUICollection7	5	-1	-1	-1	2562	2561	2561	2561	2561	2561	2561	2562	2561	2561	2562	2562	2561	2127	2562	2562	-1	2561	-1	-1	12	2667	shanjing	2913	-1	-1	-1	-1	-1	-1	-1
113	11132	digong	BattleUICollection2	7	-1	-1	-1	-1	2227	-1	2228	2228	2228	2227	2228	2229	2227	2228	2229	2228	2230	2229	2227	-1	2227	-1	-1	13	2779	shanjing	4242	-1	-1	-1	-1	6024	-1	-1
112	11131	wuliangshan	BattleUICollection7	7	-1	-1	-1	2568	2568	2567	2567	2567	2568	2567	2568	2568	2567	2568	2567	2569	2132	2569	2570	-1	2570	-1	-1	12	2779	shanjing	4242	-1	-1	-1	-1	-1	6023	-1
82	11101	xueshan	BattleUICollection6	5	-1	-1	-1	2489	2489	2488	-1	2490	-1	2488	2489	2488	2490	-1	2490	2106	-1	2105	-1	2490	-1	-1	-1	9	1738	xuejing	1937	-1	-1	-1	-1	-1	-1	-1
83	11102	xueshan	BattleUICollection6	5	-1	-1	-1	2492	2491	2491	-1	2493	-1	2491	2491	2491	2492	2492	2491	2492	2107	2491	2493	-1	2493	-1	-1	9	1738	xuejing	1937	-1	-1	-1	-1	-1	-1	-1
80	11099	xueshan	BattleUICollection6	5	-1	-1	-1	2484	2483	2483	-1	2484	-1	2484	2484	2483	2484	-1	2483	2486	-1	2487	-1	2485	-1	-1	-1	9	1650	xuejing	1845	-1	-1	-1	-1	-1	-1	-1
81	11100	xueshan	BattleUICollection6	5	-1	-1	-1	2101	2101	2101	-1	2103	-1	2102	2102	2102	2103	-1	2103	2102	2104	2102	2103	-1	2103	-1	-1	9	1738	xuejing	1937	-1	-1	-1	-1	6017	-1	-1
86	11105	huanggong	BattleUICollection3	5	-1	-1	-1	2502	2502	2502	2504	2504	2504	2503	2503	2503	2504	2504	2504	2504	2505	2504	2504	-1	2504	-1	-1	10	1833	xuejing	2037	-1	-1	-1	-1	-1	-1	-1
87	11106	huanggong	BattleUICollection3	5	-1	-1	-1	2506	2506	2506	2507	2507	2507	2507	2507	2507	2508	2508	2508	2506	2509	2506	2508	-1	2508	-1	-1	10	1925	xuejing	2135	-1	-1	-1	-1	-1	-1	-1
84	11103	huanggong	BattleUICollection3	5	-1	-1	-1	2494	2494	2494	-1	2495	-1	2495	2495	2495	2496	2496	2496	2495	2497	2494	2496	-1	2496	-1	-1	10	1833	xuejing	2037	-1	-1	-1	-1	-1	-1	-1
85	11104	huanggong	BattleUICollection3	5	-1	-1	-1	2498	2489	2498	-1	2500	-1	2498	2498	2498	2500	2499	2500	2498	2501	2498	2500	-1	2500	-1	-1	10	1833	xuejing	2037	-1	-1	-1	-1	-1	-1	-1
10025	11285	wuliangshan	BattleUICollection7	50	-1	-1	-1	4054	4054	4054	4055	-1	4055	4055	4055	4055	4056	4056	4056	4057	4059	4058	4057	-1	4058	-1	2	1011	14468	shanjing	14760	-1	-1	-1	-1	-1	-1	-1
10013	11227	heye	BattleUICollection4	15	-1	-1	-1	3034	3035	3036	3037	3038	3039	3034	3035	3036	3037	3038	3039	-1	3040	-1	3034	-1	3034	-1	2	1009	500	jiangnanshuixiang	500	-1	-1	-1	-1	-1	-1	-1
198	11250	wuliangshan	BattleUICollection7	7	-1	-1	-1	2749	-1	2749	2750	2750	2750	2750	-1	2750	2751	2751	2751	2750	2752	2750	2751	-1	2751	-1	-1	21	10279	shanjing	10296	-1	-1	-1	-1	-1	-1	-1
10022	11240	wuliangshan	BattleUICollection7	40	-1	-1	-1	4037	-1	4037	4038	4038	4038	4037	4037	4037	4038	4038	4038	4040	-1	4041	-1	4039	-1	-1	2	1010	14468	shanjing	14760	-1	-1	-1	-1	-1	-1	-1
206	11258	siyuan	BattleUICollection5	7	-1	-1	-1	2784	2784	2784	-1	2784	2784	2785	2785	2785	2785	2785	2785	-1	2788	-1	2786	-1	2787	-1	-1	22	10544	siyuan	10561	-1	-1	-1	-1	-1	-1	-1
226	11278	heye	BattleUICollection4	7	-1	-1	-1	2855	-1	2855	2855	2855	2855	2856	-1	2856	2856	2856	2856	2857	2859	2857	2858	-1	2858	-1	-1	25	11424	jiangnanshuixiang	11441	-1	-1	-1	-1	-1	-1	-1
10023	11283	wuliangshan	BattleUICollection7	15	-1	-1	-1	4042	4042	4042	-1	4043	-1	4043	-1	4043	4044	4044	4044	-1	4047	-1	4045	-1	4046	-1	2	1011	1358	shanjing	1391	-1	-1	-1	-1	-1	-1	-1
3	11022	wuliangshan	BattleUICollection7	3	-1	-1	-1	-1	2303	-1	2304	-1	2304	-1	2304	-1	2303	-1	2303	2304	-1	2303	-1	2004	-1	-1	-1	1	12	shanjing	18	-1	-1	-1	-1	-1	-1	-1
177	11196	lingjiugong	BattleUICollection6	7	-1	-1	-1	2189	2189	2189	2189	-1	2189	2189	2189	2189	2189	2189	2189	2189	2191	2189	2189	-1	2189	-1	-1	19	8421	xuejing	8944	-1	-1	-1	-1	6032	-1	-1
10020	11238	wuliangshan	BattleUICollection7	15	-1	-1	-1	4027	-1	4027	4028	4028	4028	4027	4027	4027	4028	4028	4028	4030	-1	4031	-1	4029	-1	-1	2	1010	1358	shanjing	1391	-1	-1	-1	-1	-1	-1	-1
7	11026	wuliangshan	BattleUICollection7	3	-1	-1	-1	2308	-1	2308	-1	2309	-1	2309	-1	2309	-1	2308	-1	-1	2006	-1	2313	-1	2314	-1	-1	1	38	shanjing	44	-1	-1	-1	-1	-1	-1	-1
10021	11239	wuliangshan	BattleUICollection7	25	-1	-1	-1	4032	-1	4032	4033	4033	4033	4032	4032	4032	4033	4033	4033	4035	-1	4036	-1	4034	-1	-1	2	1010	3527	shanjing	3583	-1	-1	-1	-1	-1	-1	-1
10014	11228	heye	BattleUICollection4	15	-1	-1	-1	3034	3035	3036	3037	3038	3039	3034	3035	3036	3037	3038	3039	-1	3041	-1	3035	-1	3035	-1	2	1009	500	jiangnanshuixiang	500	-1	-1	-1	-1	-1	-1	-1
10012	11233	digong	BattleUICollection2	15	-1	-1	-1	4020	-1	4020	-1	4020	-1	-1	4020	-1	4021	-1	4021	4020	4022	4020	4021	-1	4021	-1	2	1007	771	wuliangshan	717	-1	-1	-1	-1	-1	-1	-1
225	11277	heye	BattleUICollection4	7	-1	-1	-1	2850	-1	2850	2850	2850	2850	2851	-1	2851	2851	2851	2851	2852	2854	2853	2852	-1	2853	-1	-1	25	11424	jiangnanshuixiang	11441	-1	-1	-1	-1	-1	-1	-1
108	11127	wuliangshan	BattleUICollection7	5	-1	-1	-1	2556	2555	2555	2555	-1	2555	2555	-1	2555	-1	2556	-1	2555	2557	2556	2555	-1	2556	-1	-1	12	2667	shanjing	2913	-1	-1	-1	-1	-1	-1	-1
109	11128	wuliangshan	BattleUICollection7	5	-1	-1	-1	2559	2558	2558	2558	-1	2558	2558	-1	2558	2559	2559	2559	2558	2560	2559	2559	-1	2558	-1	-1	12	2667	shanjing	2913	-1	-1	-1	-1	-1	-1	-1
102	11121	wangfu	BattleUICollection3	5	-1	-1	-1	2547	2546	2546	2547	2547	2546	2547	2546	2546	2546	-1	2547	2118	-1	2119	-1	2547	-1	-1	-1	11	2443	minju	2679	-1	-1	-1	-1	-1	6021	-1
103	11122	wuliangshan	BattleUICollection7	5	-1	-1	-1	2121	2121	2121	2120	-1	2120	2121	-1	2121	2120	2120	2120	2121	2122	2121	2120	-1	2120	-1	-1	12	2443	shanjing	2679	-1	-1	-1	-1	6022	-1	-1
100	11119	wangfu	BattleUICollection3	5	-1	-1	-1	2543	2542	2542	2543	2543	2542	2543	2543	2542	2542	2543	2543	2542	2117	2542	2542	-1	2542	-1	-1	11	2331	minju	2561	-1	-1	-1	-1	-1	-1	-1
101	11120	wangfu	BattleUICollection3	5	-1	-1	-1	2545	2544	2544	2545	2545	2544	2545	-1	2544	2544	2545	2545	2544	2548	2544	2544	-1	2544	-1	-1	11	2331	minju	2561	-1	-1	-1	-1	-1	-1	-1
106	11125	wuliangshan	BattleUICollection7	5	-1	-1	-1	-1	2552	-1	2551	-1	2552	2551	2551	2551	2552	2551	2552	-1	2125	-1	2551	-1	2552	-1	-1	12	2550	shanjing	2790	-1	-1	-1	-1	-1	-1	-1
107	11126	wuliangshan	BattleUICollection7	5	-1	-1	-1	2553	2554	2553	2553	-1	2554	2553	2553	2553	2554	2553	-1	-1	2126	-1	2553	-1	2553	-1	-1	12	2550	shanjing	2790	-1	-1	-1	-1	-1	-1	-1
104	11123	wuliangshan	BattleUICollection7	5	-1	-1	-1	-1	2550	-1	2549	2550	2549	2550	2549	2550	-1	2549	-1	2550	2123	2550	2549	-1	2549	-1	-1	12	2443	shanjing	2679	-1	-1	-1	-1	-1	-1	-1
105	11124	wuliangshan	BattleUICollection7	5	-1	-1	-1	-1	2129	-1	2128	-1	2129	2128	-1	2128	2129	2128	2129	2128	2124	2129	2128	-1	2129	-1	-1	12	2550	shanjing	2790	-1	-1	-1	-1	-1	-1	-1
39	11058	wuliangshan	BattleUICollection7	5	-1	-1	-1	-1	2377	-1	2376	2377	2376	-1	2377	-1	2377	2376	2377	2376	2043	2376	2377	-1	2377	-1	-1	5	597	shanjing	716	-1	-1	-1	-1	-1	-1	-1
38	11057	wuliangshan	BattleUICollection7	5	-1	-1	-1	-1	2372	-1	2373	2373	2373	-1	2372	-1	2373	2373	2373	2374	2044	2374	2375	-1	2375	-1	-1	5	597	shanjing	662	-1	-1	-1	-1	-1	-1	-1
33	11052	heye	BattleUICollection4	5	-1	-1	-1	-1	2361	-1	2362	2362	2362	2361	-1	2362	-1	2362	-1	2363	-1	2364	-1	2362	-1	-1	-1	4	452	jiangnanshuixiang	558	-1	-1	-1	-1	-1	-1	-1
32	11051	heye	BattleUICollection4	5	-1	-1	-1	-1	2359	-1	2358	2359	2358	2359	2359	2359	-1	2358	-1	2358	2360	2359	2358	-1	2359	-1	-1	4	452	jiangnanshuixiang	509	-1	-1	-1	-1	-1	-1	-1
31	11050	heye	BattleUICollection4	5	-1	-1	-1	-1	2357	-1	2356	2356	2356	2357	2357	2357	-1	2356	-1	2357	2037	2357	2356	-1	2356	-1	-1	4	220	jiangnanshuixiang	509	-1	-1	-1	-1	-1	-1	-1
30	11049	heye	BattleUICollection4	5	-1	-1	-1	2353	2353	2353	2353	-1	2353	2354	2354	2354	-1	2354	-1	2354	2355	2354	2033	-1	2033	-1	-1	4	220	jiangnanshuixiang	463	-1	-1	-1	-1	-1	-1	-1
37	11056	wuliangshan	BattleUICollection7	5	-1	-1	-1	-1	2040	-1	2040	-1	2040	-1	2040	-1	2041	2040	2041	2040	2042	2040	2041	-1	2041	-1	-1	5	547	shanjing	662	-1	-1	-1	-1	6007	-1	-1
36	11055	heye	BattleUICollection4	5	-1	-1	-1	2370	2370	2370	2370	-1	2370	2370	-1	2370	2370	2370	2370	2371	2039	2371	2371	-1	2371	-1	-1	4	547	jiangnanshuixiang	608	-1	-1	-1	-1	-1	-1	-1
35	11054	heye	BattleUICollection4	5	-1	-1	-1	2366	2367	2366	2366	2367	2367	2367	2367	2367	2366	2367	2366	2368	-1	2369	-1	2367	-1	-1	-1	4	497	jiangnanshuixiang	608	-1	-1	-1	-1	-1	-1	-1
34	11053	heye	BattleUICollection4	5	-1	-1	-1	-1	2365	-1	2365	2365	2365	2365	-1	2365	-1	2365	-1	2365	2038	2365	2365	-1	2365	-1	-1	4	497	jiangnanshuixiang	558	-1	-1	-1	-1	-1	-1	-1
10004	11217	heye	BattleUICollection4	15	-1	-1	-1	-1	3023	-1	3024	-1	3024	3023	3023	3024	-1	3023	-1	3024	-1	3023	-1	3029	-1	-1	2	1002	771	jiangnanshuixiang	3527	-1	-1	-1	-1	-1	-1	-1
205	11257	siyuan	BattleUICollection5	7	-1	-1	-1	2779	2779	2779	-1	2779	2779	2780	2780	2780	2780	2780	2780	-1	2783	-1	2781	-1	2782	-1	-1	22	10544	siyuan	10561	-1	-1	-1	-1	-1	-1	-1
10005	11222	heye	BattleUICollection4	15	-1	-1	-1	-1	3024	-1	3025	-1	3025	3024	3025	3025	-1	3025	-1	3025	-1	3025	-1	3030	-1	-1	2	1003	771	jiangnanshuixiang	3527	-1	-1	-1	-1	-1	-1	-1
223	11275	heye	BattleUICollection4	7	-1	-1	-1	2840	-1	2840	2840	2840	2840	2841	-1	2841	2841	2841	2841	2842	2844	2842	2843	-1	2843	-1	-1	25	11424	jiangnanshuixiang	11441	-1	-1	-1	-1	-1	-1	-1
176	11195	siyuan	BattleUICollection5	7	-1	-1	-1	2688	2689	2688	2688	2688	2689	2688	2688	2688	2689	2689	2689	2689	2188	2688	2688	-1	2689	-1	-1	18	8186	siyuan	8702	-1	-1	-1	-1	-1	-1	-1
10006	11223	heye	BattleUICollection4	15	-1	-1	-1	-1	3025	-1	3025	-1	3026	3026	3026	3027	-1	3026	-1	3026	-1	3026	-1	3031	-1	-1	2	1004	771	jiangnanshuixiang	3527	-1	-1	-1	-1	-1	-1	-1
60	11079	heye	BattleUICollection4	5	-1	-1	-1	2435	2435	2435	2433	2433	2433	2433	2433	2433	2434	2435	2434	2434	-1	2433	2434	2087	2433	-1	-1	7	1163	jiangnanshuixiang	1327	-1	-1	-1	-1	-1	-1	-1
61	11080	heye	BattleUICollection4	5	-1	-1	-1	2438	2438	2438	2436	2437	2438	2436	2436	2436	2437	2437	2437	2437	-1	2438	2437	2088	2438	-1	-1	7	1163	jiangnanshuixiang	1327	-1	-1	-1	-1	-1	-1	-1
62	11081	heye	BattleUICollection4	5	-1	-1	-1	-1	2439	-1	2439	2440	2441	-1	2440	-1	2440	2441	2440	2439	2301	2439	2440	-1	2441	-1	-1	7	1163	jiangnanshuixiang	1327	-1	-1	-1	-1	-1	-1	-1
63	11082	heye	BattleUICollection4	5	-1	-1	-1	2444	2444	2444	2442	2443	2444	2442	2442	2442	2443	2444	2443	2443	2088	2444	2443	-1	2444	-1	-1	7	1236	jiangnanshuixiang	1404	-1	-1	-1	-1	-1	-1	-1
64	11083	heye	BattleUICollection4	5	-1	-1	-1	2446	2447	2448	2446	2447	2448	2447	2447	2447	2446	2446	2446	2299	-1	2300	-1	2447	-1	-1	-1	7	1236	jiangnanshuixiang	1404	1	2299	2300	70060	-1	-1	-1
65	11084	heye	BattleUICollection4	5	-1	-1	-1	-1	2451	-1	2451	2451	2451	2451	2451	2451	2450	-1	2450	2450	2452	2451	2449	-1	2449	-1	-1	7	1236	jiangnanshuixiang	1404	-1	-1	-1	-1	-1	-1	-1
66	11085	heye	BattleUICollection4	5	-1	-1	-1	2454	2455	2454	2453	2455	2453	2454	2455	2454	2454	-1	2454	2456	2089	2083	2081	-1	2081	-1	-1	7	1315	jiangnanshuixiang	1489	-1	-1	-1	-1	6013	-1	-1
67	11086	wangfu	BattleUICollection3	5	-1	-1	-1	2214	-1	2214	2215	2215	2215	-1	2215	-1	2214	2214	2214	2214	2459	2214	2215	-1	2215	-1	-1	8	1315	minju	1489	-1	-1	-1	-1	6014	-1	-1
68	11087	wangfu	BattleUICollection3	5	-1	-1	-1	2216	2217	2216	2217	2217	2217	2216	2217	2216	2216	2216	2217	2216	2460	2216	2216	-1	2216	-1	-1	8	1315	minju	1489	-1	-1	-1	-1	-1	-1	-1
69	11088	wangfu	BattleUICollection3	5	-1	-1	-1	2218	2218	2218	2219	2219	2219	2218	2219	2218	2218	2219	2219	2461	-1	2462	-1	2218	-1	-1	-1	8	1393	minju	1572	-1	-1	-1	-1	-1	-1	-1
175	11194	siyuan	BattleUICollection5	7	-1	-1	-1	2688	2689	2688	2688	2689	2689	2689	2689	2689	2689	2689	2689	2688	2187	2688	2688	-1	2689	-1	-1	18	8186	siyuan	8702	-1	-1	-1	-1	-1	-1	-1
174	11193	siyuan	BattleUICollection5	7	-1	-1	-1	2688	2689	2688	2688	2689	2689	2689	2689	2689	2689	2689	2689	2688	2691	2688	2688	-1	2689	-1	-1	18	8186	siyuan	8702	-1	-1	-1	-1	-1	-1	-1
173	11192	siyuan	BattleUICollection5	7	-1	-1	-1	2686	2687	2686	2686	2687	2687	2687	2687	2687	2687	2687	2687	2686	2186	2686	2686	-1	2687	-1	-1	18	7931	siyuan	8438	-1	-1	-1	-1	-1	-1	-1
172	11191	siyuan	BattleUICollection5	7	-1	-1	-1	2684	2684	2684	2685	2685	2685	2685	2685	2685	2685	2685	2685	2684	2690	2684	2684	-1	2685	-1	-1	18	7931	siyuan	8438	-1	-1	-1	-1	-1	-1	-1
171	11190	siyuan	BattleUICollection5	7	-1	-1	-1	2682	2682	2682	2682	2682	2683	2683	2682	2683	2682	2683	2682	2683	2185	2682	2682	-1	2683	-1	-1	18	7931	siyuan	8438	-1	-1	-1	-1	-1	-1	-1
170	11189	siyuan	BattleUICollection5	7	-1	-1	-1	2680	2680	2680	2681	2680	2681	2681	2680	2681	2680	2681	2680	2681	2182	2680	2680	-1	2681	-1	-1	18	7704	siyuan	8203	-1	-1	-1	-1	-1	-1	-1
203	11255	siyuan	BattleUICollection5	7	-1	-1	-1	2769	2769	2769	-1	2770	2770	2769	2769	2769	2770	2770	2770	-1	2773	-1	2771	-1	2772	-1	-1	22	10544	siyuan	10561	-1	-1	-1	-1	-1	-1	-1
10002	11216	digong	BattleUICollection2	50	-1	-1	-1	4007	4007	4007	4008	4008	4008	4009	4009	4009	4009	4009	4009	4009	4010	4009	4009	-1	4009	-1	4	1000	29021	wuliangshan	42367	-1	-1	-1	-1	-1	-1	-1
222	11274	heye	BattleUICollection4	7	-1	-1	-1	2835	-1	2835	2835	2835	2835	2836	-1	2836	2836	2836	2836	2837	2839	2837	2838	-1	2838	-1	-1	25	11424	jiangnanshuixiang	11441	-1	-1	-1	-1	6034	-1	-1
181	11200	lingjiugong	BattleUICollection6	7	-1	-1	-1	2698	2698	2698	2698	-1	2698	2698	2698	2698	2698	2698	2698	2699	2193	2699	2699	-1	2699	-1	-1	19	8685	xuejing	9217	-1	-1	-1	-1	-1	-1	-1
10000	11214	digong	BattleUICollection2	15	-1	-1	-1	-1	4000	-1	4001	4001	4001	4000	-1	4000	4001	4001	4001	4000	4002	4000	4001	-1	4001	-1	4	1000	771	wuliangshan	717	-1	-1	-1	-1	-1	-1	-1
10003	11218	xueshan	BattleUICollection6	25	-1	-1	-1	1402	1403	1402	1402	-1	1402	1405	-1	1405	-1	1404	-1	1406	-1	1406	1406	1407	1406	-1	2	1001	3527	xuejing	3527	-1	-1	-1	-1	-1	-1	-1
182	11201	lingjiugong	BattleUICollection6	7	-1	-1	-1	2700	2700	2700	2700	-1	2700	2700	2700	2700	-1	2700	2700	2700	2701	2700	2700	-1	2700	-1	-1	19	8685	xuejing	9217	-1	-1	-1	-1	-1	-1	-1
183	11202	lingjiugong	BattleUICollection6	7	-1	-1	-1	2702	2702	2702	2702	-1	2702	2702	2702	2702	2702	2702	2702	2703	2194	2703	2703	-1	2703	-1	-1	19	8927	xuejing	9467	-1	-1	-1	-1	-1	-1	-1
180	11199	lingjiugong	BattleUICollection6	7	-1	-1	-1	2696	2696	2696	-1	2696	-1	2696	2696	2696	2696	2696	2696	2696	2697	2696	2696	-1	2696	-1	-1	19	8685	xuejing	9217	-1	-1	-1	-1	-1	-1	-1
2	11021	wuliangshan	BattleUICollection7	3	-1	-1	-1	2306	-1	2306	-1	2307	-1	-1	2306	-1	2306	-1	2307	2306	-1	2307	-1	2305	-1	-1	-1	1	9	shanjing	15	-1	-1	-1	-1	-1	-1	-1
162	11181	heye	BattleUICollection4	7	-1	-1	-1	2663	2663	2663	2661	2662	2663	2661	2662	2663	2661	2661	2663	2663	2176	2663	2663	-1	2661	-1	-1	17	7237	jiangnanshuixiang	7720	-1	-1	-1	-1	-1	-1	-1
187	11206	siyuan	BattleUICollection5	7	-1	-1	-1	2709	2709	2709	2709	2709	2709	-1	2710	-1	2710	2710	2710	2710	2203	2710	2709	-1	2709	-1	-1	20	9200	siyuan	9748	-1	-1	-1	-1	-1	-1	-1
184	11203	lingjiugong	BattleUICollection6	7	-1	-1	-1	2704	2704	2704	2704	2704	2704	2704	2704	2704	2704	2704	2704	2197	2199	2198	2195	-1	2196	-1	-1	19	8927	xuejing	9467	-1	-1	-1	-1	-1	-1	-1
6	11025	wuliangshan	BattleUICollection7	3	-1	-1	-1	2308	2308	2308	-1	2309	-1	2309	2309	2309	-1	2308	-1	-1	2009	-1	2308	-1	2309	-1	-1	1	29	shanjing	36	-1	-1	-1	-1	-1	-1	-1
220	11272	zhennanwangfu	BattleUICollection2	7	-1	-1	-1	2829	2829	2829	2829	2829	2829	2829	-1	2829	2829	2829	2829	-1	2831	-1	2830	-1	2830	-1	-1	24	11115	huanggong	11132	-1	-1	-1	-1	-1	-1	-1
186	11205	siyuan	BattleUICollection5	7	-1	-1	-1	2705	2705	2705	2705	2705	2705	2706	-1	2706	2706	2706	2706	2707	2204	2707	2708	-1	2708	-1	-1	20	9200	siyuan	9748	-1	-1	-1	-1	-1	-1	-1
188	11207	siyuan	BattleUICollection5	7	-1	-1	-1	2711	2711	2711	2711	2711	2711	2711	-1	2711	2712	2712	2712	2714	2205	2714	2713	-1	2713	-1	-1	20	9200	siyuan	9748	-1	-1	-1	-1	-1	-1	-1
189	11208	siyuan	BattleUICollection5	7	-1	-1	-1	2715	2715	2715	2715	2715	2715	2715	-1	2715	2716	2716	2716	2716	2717	2716	2715	-1	2715	-1	-1	20	9450	siyuan	10005	-1	-1	-1	-1	-1	-1	-1
202	11254	siyuan	BattleUICollection5	7	-1	-1	-1	2766	2766	2766	-1	2767	2767	2766	2766	2766	2767	2767	2767	-1	2768	-1	2767	-1	2766	-1	-1	22	10544	siyuan	10561	-1	-1	-1	-1	-1	-1	-1
196	11248	wuliangshan	BattleUICollection7	7	-1	-1	-1	2741	-1	2741	2742	2742	2742	2742	-1	2742	2743	2743	2743	-1	2744	-1	2741	-1	2742	-1	-1	21	10279	shanjing	10296	-1	-1	-1	-1	-1	-1	-1
221	11273	zhennanwangfu	BattleUICollection2	7	-1	-1	-1	2832	2832	2832	2832	2832	2832	2832	-1	2832	2832	2832	2832	2833	2834	2833	2833	-1	2833	-1	-1	24	11424	huanggong	11441	-1	-1	-1	-1	6037	-1	-1
10001	11215	digong	BattleUICollection2	25	-1	-1	-1	4003	4003	4003	4004	4004	4004	4003	4003	4005	4004	-1	4005	4004	4006	4004	4005	-1	4004	-1	4	1000	3527	wuliangshan	3527	-1	-1	-1	-1	-1	-1	-1
185	11204	siyuan	BattleUICollection5	7	-1	-1	-1	2200	2200	2200	2200	2200	2200	2201	-1	2201	2201	2201	2201	2201	2202	2201	2200	-1	2200	-1	-1	20	8927	siyuan	9467	-1	-1	-1	-1	6033	-1	-1
99	11118	wangfu	BattleUICollection3	5	-1	-1	-1	2541	-1	2540	2541	2541	2540	2541	2541	2541	2540	2541	2541	2540	2116	2540	2540	-1	2541	-1	-1	11	2331	minju	2561	-1	-1	-1	-1	-1	-1	-1
98	11117	wangfu	BattleUICollection3	5	-1	-1	-1	2538	-1	2538	2538	2539	2538	2539	2539	2538	2538	2539	2539	2538	-1	2539	2538	2226	2539	-1	-1	11	2229	minju	2454	-1	-1	-1	-1	6020	-1	-1
10019	11221	xueshan	BattleUICollection6	10	-1	-1	-1	4023	-1	4023	-1	4024	-1	-1	4024	-1	4023	-1	4023	4025	-1	4026	-1	4024	-1	-1	3	1008	500	xuejing	80000	-1	-1	-1	-1	-1	-1	-1
10018	11232	heye	BattleUICollection4	15	-1	-1	-1	3034	3035	3036	3037	3038	3039	3034	3035	3036	3037	3038	3039	-1	3045	-1	3039	-1	3039	-1	2	1009	500	jiangnanshuixiang	500	-1	-1	-1	-1	-1	-1	-1
168	11187	siyuan	BattleUICollection5	7	-1	-1	-1	2676	2676	2676	2676	2676	2677	2676	2676	2676	2677	2677	2677	2676	2181	2676	2676	-1	2677	-1	-1	18	7704	siyuan	8203	-1	-1	-1	-1	-1	-1	-1
169	11188	siyuan	BattleUICollection5	7	-1	-1	-1	2678	2678	2678	2679	2678	2679	2679	2678	2679	2678	2679	2678	2678	2184	2678	2678	-1	2679	-1	-1	18	7704	siyuan	8203	-1	-1	-1	-1	-1	-1	-1
229	11281	heye	BattleUICollection4	7	-1	-1	-1	2871	-1	2871	2871	2871	2871	2872	-1	2872	2872	2872	2872	2873	2875	2873	2874	-1	2874	-1	-1	25	11704	jiangnanshuixiang	11721	-1	-1	-1	-1	-1	6035	-1
228	11280	heye	BattleUICollection4	7	-1	-1	-1	2865	-1	2865	2865	2865	2865	2866	-1	2866	2866	2866	2866	2869	-1	2870	-1	2867	-1	-1	-1	25	11424	jiangnanshuixiang	11441	-1	-1	-1	-1	-1	-1	-1
91	11110	huanggong	BattleUICollection3	5	-1	-1	-1	2521	2521	2521	2522	2522	2522	2522	2522	2522	2523	2523	2523	2522	2524	2522	2523	-1	2523	-1	-1	10	2026	xuejing	2241	-1	-1	-1	-1	-1	-1	-1
90	11109	huanggong	BattleUICollection3	5	-1	-1	-1	2517	2517	2517	2518	2518	2518	2518	2518	2518	2519	2519	2519	2517	2520	2517	2519	-1	2519	-1	-1	10	2026	xuejing	2241	-1	-1	-1	-1	-1	-1	-1
93	11112	huanggong	BattleUICollection3	5	-1	-1	-1	2529	2529	2529	2531	2531	2531	2530	2530	2530	2531	2531	2531	2529	2109	2529	2530	-1	2530	-1	-1	10	2123	xuejing	2343	-1	-1	-1	-1	-1	-1	-1
92	11111	huanggong	BattleUICollection3	5	-1	-1	-1	2525	2525	2525	2527	2527	2527	2526	2526	2526	2527	2527	2527	2526	2528	2526	2527	-1	2527	-1	-1	10	2026	xuejing	2241	-1	-1	-1	-1	-1	-1	-1
95	11114	wangfu	BattleUICollection3	5	-1	-1	-1	-1	2532	-1	2532	2532	2532	-1	2532	-1	2533	2533	2533	2532	2113	2532	2533	-1	2533	-1	-1	11	2123	minju	2343	-1	-1	-1	-1	-1	-1	-1
94	11113	wangfu	BattleUICollection3	5	-1	-1	-1	-1	2111	-1	2110	2110	2110	-1	2111	-1	2110	2111	2110	-1	2112	-1	2110	-1	2110	-1	-1	11	2123	minju	2343	-1	-1	-1	-1	6018	6019	-1
97	11116	wangfu	BattleUICollection3	5	-1	-1	-1	2536	-1	2536	2536	2537	2536	-1	2537	-1	2536	2537	2536	2536	2115	2537	2536	-1	2537	-1	-1	11	2229	minju	2454	-1	-1	-1	-1	-1	-1	-1
96	11115	wangfu	BattleUICollection3	5	-1	-1	-1	2535	-1	2535	2535	2535	2535	2534	2534	2534	2535	2534	2535	2534	2114	2534	2535	-1	2535	-1	-1	11	2229	minju	2454	-1	-1	-1	-1	-1	-1	-1
11	11030	wanjiegu	BattleUICollection4	3	-1	-1	-1	2323	2323	2323	-1	2324	-1	2324	2324	2324	-1	2323	-1	2325	-1	2326	-1	2015	-1	-1	-1	2	85	wanjiegu	91	-1	-1	-1	-1	-1	-1	-1
10	11029	wanjiegu	BattleUICollection4	3	-1	-1	-1	2011	2011	2011	-1	2012	-1	2011	2011	2011	-1	2011	-1	2011	-1	2012	-1	2013	-1	-1	-1	2	71	wanjiegu	78	-1	-1	-1	-1	6001	-1	-1
13	11032	wanjiegu	BattleUICollection4	3	-1	-1	-1	2327	2327	2327	2328	-1	2328	2328	2328	2328	2327	-1	2327	2329	-1	2330	-1	2016	-1	-1	-1	2	85	wanjiegu	107	-1	-1	-1	-1	-1	-1	-1
12	11031	wanjiegu	BattleUICollection4	3	-1	-1	-1	2323	2323	2323	-1	2324	-1	2324	2324	2324	-1	2323	-1	2325	-1	2326	-1	2014	-1	-1	-1	2	85	wanjiegu	91	-1	-1	-1	-1	-1	-1	-1
15	11034	wanjiegu	BattleUICollection4	3	-1	-1	-1	2333	2333	2333	-1	2334	-1	2334	2334	2334	-1	2333	-1	2017	-1	2016	-1	2336	-1	-1	-1	2	100	wanjiegu	123	1	2017	2016	70059	-1	-1	0
14	11033	wanjiegu	BattleUICollection4	3	-1	-1	-1	2327	2327	2327	2328	-1	2328	2328	-1	2328	2327	2327	2327	2331	-1	2332	-1	2328	-1	-1	-1	2	100	wanjiegu	107	-1	-1	-1	-1	-1	-1	-1
17	11036	wanjiegu	BattleUICollection4	3	-1	-1	-1	2342	2342	2342	2341	-1	2341	2341	2342	2341	2341	-1	2342	-1	2019	-1	2343	-1	2344	-1	-1	2	117	wanjiegu	141	-1	-1	-1	-1	-1	-1	-1
16	11035	wanjiegu	BattleUICollection4	3	-1	-1	-1	2338	2338	2338	-1	2337	-1	2337	2337	2337	-1	2338	-1	-1	2020	-1	2339	-1	2340	-1	-1	2	100	wanjiegu	123	-1	-1	-1	-1	-1	-1	-1
19	11038	zhennanwangfu	BattleUICollection2	3	-1	-1	-1	-1	2021	-1	2021	-1	2021	-1	2021	-1	2021	-1	2021	2024	-1	2025	-1	2021	-1	-1	-1	3	117	huanggong	160	-1	-1	-1	-1	6003	-1	-1
18	11037	wanjiegu	BattleUICollection4	3	-1	-1	-1	2345	2345	2345	2346	2346	2346	2346	2346	2346	2345	2345	2345	2347	-1	2348	-1	2018	-1	-1	-1	2	117	wanjiegu	141	-1	-1	-1	-1	-1	6002	0
117	11136	digong	BattleUICollection2	7	-1	-1	-1	2580	2582	2581	2580	2581	2581	2580	2580	2582	-1	2581	-1	2580	2232	2582	2582	-1	2581	-1	-1	13	4226	shanjing	4593	-1	-1	-1	-1	-1	-1	-1
116	11135	digong	BattleUICollection2	7	-1	-1	-1	2577	2577	2579	2577	2577	2578	2577	2578	2579	2577	2578	2579	2577	2134	2578	2579	-1	2579	-1	-1	13	2902	shanjing	4422	-1	-1	-1	-1	-1	-1	-1
204	11256	siyuan	BattleUICollection5	7	-1	-1	-1	2774	2774	2774	-1	2775	2775	2774	2774	2774	2775	2775	2775	-1	2778	-1	2776	-1	2777	-1	-1	22	10544	siyuan	10561	-1	-1	-1	-1	-1	-1	-1
224	11276	heye	BattleUICollection4	7	-1	-1	-1	2845	-1	2845	2845	2845	2845	2846	-1	2846	2846	2846	2846	2847	2849	2847	2848	-1	2848	-1	-1	25	11424	jiangnanshuixiang	11441	-1	-1	-1	-1	-1	-1	-1
151	11170	digong	BattleUICollection2	7	-1	-1	-1	2294	2295	2294	2295	2295	2295	2294	2294	2294	2294	2295	2295	2296	-1	2297	-1	2294	-1	-1	-1	16	6351	wuliangshan	6802	-1	-1	-1	-1	-1	-1	-1
150	11169	digong	BattleUICollection2	7	-1	-1	-1	2247	2247	2247	2248	2248	2248	2248	2248	2248	2247	2247	2247	2250	-1	2249	-1	2247	-1	-1	-1	16	6351	wuliangshan	6802	-1	-1	-1	-1	-1	-1	-1
153	11172	digong	BattleUICollection2	7	-1	-1	-1	2645	2646	2646	2644	2644	2644	2645	2645	2645	2644	2645	2644	2645	2160	2644	2645	-1	2645	-1	-1	16	6557	wuliangshan	7016	-1	-1	-1	-1	-1	-1	-1
152	11171	digong	BattleUICollection2	7	-1	-1	-1	2289	2288	2289	2288	2288	2288	2289	2289	2289	2288	2289	2288	2289	2159	2290	2290	-1	2289	-1	-1	16	6351	wuliangshan	6802	-1	-1	-1	-1	-1	-1	-1
155	11174	digong	BattleUICollection2	7	-1	-1	-1	2651	2652	2650	2651	2651	2651	2651	2651	2651	2650	2651	2651	2651	2162	2652	2650	-1	2651	-1	-1	16	6557	wuliangshan	7016	-1	-1	-1	-1	-1	-1	-1
154	11173	digong	BattleUICollection2	7	-1	-1	-1	2647	2647	2647	2648	2648	2648	2648	2648	2648	2647	2648	2648	2648	2161	2647	2649	-1	2649	-1	-1	16	6557	wuliangshan	7016	-1	-1	-1	-1	-1	-1	-1
157	11176	digong	BattleUICollection2	7	-1	-1	-1	2657	2658	2658	2657	2658	2657	2658	2658	2657	2658	2657	2658	2658	2163	2657	2657	-1	2657	-1	-1	16	6786	wuliangshan	7253	-1	-1	-1	-1	-1	-1	-1
156	11175	digong	BattleUICollection2	7	-1	-1	-1	2653	2654	2654	2654	2654	2654	2653	2653	2653	2654	2654	2654	2655	-1	2656	-1	2654	-1	-1	-1	16	6786	wuliangshan	7253	-1	-1	-1	-1	-1	-1	-1
159	11178	heye	BattleUICollection4	7	-1	-1	-1	2168	2168	2168	2168	2168	2168	2168	2168	2168	2168	2168	2168	-1	2168	-1	2167	-1	2166	-1	-1	17	6999	jiangnanshuixiang	7474	-1	-1	-1	-1	-1	-1	-1
158	11177	heye	BattleUICollection4	7	-1	-1	-1	2164	2164	2164	2164	2164	2164	2164	2164	2164	2164	2164	2164	2164	-1	2164	-1	2165	-1	-1	-1	17	6786	jiangnanshuixiang	7253	-1	-1	-1	-1	-1	-1	-1
10007	11224	heye	BattleUICollection4	15	-1	-1	-1	-1	3027	-1	3027	-1	3027	3027	3027	3027	-1	3027	-1	3027	-1	3027	-1	3033	-1	-1	2	1005	771	jiangnanshuixiang	3527	-1	-1	-1	-1	-1	-1	-1
10008	11225	heye	BattleUICollection4	15	-1	-1	-1	-1	3024	-1	3026	-1	3028	3028	3028	3028	-1	3028	-1	3028	-1	3028	-1	3032	-1	-1	2	1006	771	jiangnanshuixiang	3527	-1	-1	-1	-1	-1	-1	-1
10009	11234	xueshan	BattleUICollection6	10	-1	-1	-1	4011	-1	4011	-1	4012	4011	-1	4011	-1	4012	-1	4012	-1	4013	-1	4011	-1	4012	-1	3	1001	771	xuejing	120000	-1	-1	-1	-1	-1	-1	-1
227	11279	heye	BattleUICollection4	7	-1	-1	-1	2860	-1	2860	2860	2860	2860	2861	-1	2861	2861	2861	2861	2863	2864	2863	2862	-1	2862	-1	-1	25	11424	jiangnanshuixiang	11441	-1	-1	-1	-1	-1	-1	-1
207	11259	siyuan	BattleUICollection5	7	-1	-1	-1	2789	2789	2789	-1	2789	2789	2790	2790	2790	2790	2790	2790	2791	2793	2792	2791	-1	2792	-1	-1	22	10843	siyuan	10860	-1	-1	-1	-1	6039	-1	-1
10024	11284	wuliangshan	BattleUICollection7	25	-1	-1	-1	4048	4048	4048	-1	4049	-1	4049	-1	4049	4050	4050	4050	4052	4053	4051	4052	-1	4051	-1	2	1011	3527	shanjing	3583	-1	-1	-1	-1	-1	-1	-1
48	11067	juxianzhuang	BattleUICollection5	5	-1	-1	-1	2402	-1	2402	2402	2403	2402	-1	2403	-1	2402	2402	2402	2058	-1	2059	-1	2060	-1	-1	-1	6	823	juxianzhuang	962	-1	-1	-1	-1	6010	-1	-1
49	11068	juxianzhuang	BattleUICollection5	5	-1	-1	-1	2404	-1	2404	2405	2404	2405	2064	2065	2066	2404	2405	2404	2062	-1	2063	-1	2061	-1	-1	-1	6	823	juxianzhuang	1031	-1	-1	-1	-1	-1	-1	-1
46	11065	wuliangshan	BattleUICollection7	5	-1	-1	-1	2399	2399	2399	2398	-1	2398	2398	2398	2398	2399	2399	2399	2400	2052	2400	2401	-1	2401	-1	-1	5	764	shanjing	898	-1	-1	-1	-1	-1	-1	-1
47	11066	juxianzhuang	BattleUICollection5	5	-1	-1	-1	-1	2054	-1	2053	2054	2053	2054	2054	2054	2053	-1	2053	2053	2057	2054	2054	-1	2053	-1	-1	6	764	juxianzhuang	962	-1	-1	-1	-1	6009	-1	-1
44	11063	wuliangshan	BattleUICollection7	5	-1	-1	-1	2395	2395	2395	2395	2394	2394	2395	2394	2395	2394	2394	2395	2396	2047	2396	2397	-1	2397	-1	-1	5	705	shanjing	834	-1	-1	-1	-1	-1	-1	-1
45	11064	wuliangshan	BattleUICollection7	5	-1	-1	-1	2049	2049	2049	-1	2048	-1	2048	2048	2048	2049	2049	2049	2050	-1	2051	-1	2049	-1	-1	-1	5	705	shanjing	898	-1	-1	-1	-1	6008	-1	-1
42	11061	wuliangshan	BattleUICollection7	5	-1	-1	-1	-1	2387	-1	2386	2386	2386	2387	-1	2387	2386	2386	2386	2388	2046	2389	2389	-1	2388	-1	-1	5	651	shanjing	775	-1	-1	-1	-1	-1	-1	-1
43	11062	wuliangshan	BattleUICollection7	5	-1	-1	-1	2391	-1	2391	2390	2390	2390	2390	-1	2390	2391	2391	2391	2392	-1	2393	-1	2391	-1	-1	-1	5	705	shanjing	834	-1	-1	-1	-1	-1	-1	-1
40	11059	wuliangshan	BattleUICollection7	5	-1	-1	-1	-1	2378	-1	2379	2379	2379	2379	-1	2379	2378	2378	2378	2381	2045	2381	2380	-1	2380	-1	-1	5	651	shanjing	716	-1	-1	-1	-1	-1	-1	-1
41	11060	wuliangshan	BattleUICollection7	5	-1	-1	-1	-1	2383	-1	2382	2382	2382	2383	-1	2383	2382	2382	2383	2384	-1	2385	-1	2382	-1	-1	-1	5	651	shanjing	775	-1	-1	-1	-1	-1	-1	-1
1	11020	wuliangshan	BattleUICollection7	3	-1	-1	-1	-1	2000	-1	2001	-1	2001	-1	2000	-1	2000	-1	2001	2000	-1	2001	-1	2002	-1	-1	-1	1	7	shanjing	13	-1	-1	-1	-1	-1	-1	-1
10015	11229	heye	BattleUICollection4	15	-1	-1	-1	3034	3035	3036	3037	3038	3039	3034	3035	3036	3037	3038	3039	-1	3042	-1	3036	-1	3036	-1	2	1009	500	jiangnanshuixiang	500	-1	-1	-1	-1	-1	-1	-1
5	11024	wuliangshan	BattleUICollection7	3	-1	-1	-1	2008	2008	2008	-1	2007	-1	2008	-1	2008	2007	2007	2007	-1	2009	-1	2008	-1	2007	-1	-1	1	22	shanjing	29	-1	-1	-1	-1	-1	-1	-1
9	11028	wuliangshan	BattleUICollection7	3	-1	-1	-1	2319	-1	2319	-1	2320	-1	2321	-1	2322	-1	2322	-1	2321	-1	2322	2319	2010	2320	-1	-1	1	59	shanjing	65	-1	-1	-1	-1	6000	-1	-1
146	11165	siyuan	BattleUICollection5	7	-1	-1	-1	2639	2639	2638	2638	2638	2639	2639	2639	2639	2639	2638	2638	2638	2157	2639	2639	-1	2638	-1	-1	15	5931	siyuan	6367	-1	-1	-1	-1	-1	-1	-1
147	11166	siyuan	BattleUICollection5	7	-1	-1	-1	2640	2640	2640	2641	2641	2641	2641	2641	2641	2640	2640	2640	2261	-1	2262	-1	2640	-1	-1	-1	15	6130	siyuan	6573	-1	-1	-1	-1	-1	-1	-1
144	11163	siyuan	BattleUICollection5	7	-1	-1	-1	2635	2635	2635	2634	-1	2636	2636	2635	2634	2634	2635	2636	2151	-1	2152	-1	2637	-1	-1	-1	15	5931	siyuan	6367	1	2152	2637	70055	-1	-1	-1
145	11164	siyuan	BattleUICollection5	7	-1	-1	-1	2154	2154	2154	2153	2153	2154	2154	2154	2154	2154	2153	2153	2155	-1	2156	-1	2154	-1	-1	-1	15	5931	siyuan	6367	-1	-1	-1	-1	-1	-1	-1
142	11161	siyuan	BattleUICollection5	7	-1	-1	-1	2277	2276	2277	2276	2277	2276	2276	2277	2276	2276	2277	2276	2276	2275	2276	2277	-1	2277	-1	-1	15	5718	siyuan	6146	-1	-1	-1	-1	-1	-1	-1
143	11162	siyuan	BattleUICollection5	7	-1	-1	-1	2234	2234	2234	2233	2234	2235	2235	-1	2233	2233	2234	2235	2235	2236	2235	2234	-1	2234	-1	-1	15	5718	siyuan	6146	-1	-1	-1	-1	-1	-1	-1
140	11159	siyuan	BattleUICollection5	7	-1	-1	-1	2223	2223	2223	2223	2223	2223	2223	2223	2223	2223	2223	2223	2225	2281	2225	2225	-1	2225	-1	-1	15	5527	siyuan	5947	-1	-1	-1	-1	-1	-1	-1
141	11160	siyuan	BattleUICollection5	7	-1	-1	-1	2272	2272	2272	2271	2272	2271	2271	2272	2271	-1	2272	-1	2271	2283	2271	2272	-1	2272	-1	-1	15	5718	siyuan	6146	-1	-1	-1	-1	-1	-1	-1
209	11261	siyuan	BattleUICollection5	7	-1	-1	-1	2797	-1	2797	2797	2797	2797	2797	2797	2797	2797	2797	2797	-1	2799	-1	2798	-1	2798	-1	-1	23	10843	siyuan	10860	-1	-1	-1	-1	-1	-1	-1
208	11260	siyuan	BattleUICollection5	7	-1	-1	-1	2794	-1	2794	2794	2794	2794	2795	2795	2795	2795	2795	2795	-1	2796	-1	2795	-1	2795	-1	-1	23	10843	siyuan	10860	-1	-1	-1	-1	6040	-1	-1
148	11167	siyuan	BattleUICollection5	7	-1	-1	-1	2643	2643	2643	2642	2643	2642	2642	2642	2642	2643	2642	2643	2642	2158	2643	2643	-1	2642	-1	-1	15	6130	siyuan	6573	-1	-1	-1	-1	-1	6029	-1
149	11168	digong	BattleUICollection2	7	-1	-1	-1	2285	2285	2285	2284	2284	2284	2285	2285	2285	2284	2284	2284	2286	-1	2287	-1	2284	-1	-1	-1	16	6130	wuliangshan	6573	-1	-1	-1	-1	6030	-1	-1
77	11096	xueshan	BattleUICollection6	5	-1	-1	-1	2097	2097	2097	-1	2097	-1	-1	2097	-1	2097	2097	2097	2097	2099	2097	2097	-1	2097	-1	-1	9	1560	xuejing	1749	-1	-1	-1	-1	-1	-1	-1
76	11095	xueshan	BattleUICollection6	5	-1	-1	-1	2474	2474	2474	-1	2100	-1	2474	2474	2474	2100	-1	2100	2474	2475	2474	2100	-1	2100	-1	-1	9	1560	xuejing	1749	-1	-1	-1	-1	-1	-1	-1
75	11094	xueshan	BattleUICollection6	5	-1	-1	-1	2096	2096	2096	-1	2096	-1	-1	2096	-1	2096	2096	2096	2096	2098	2096	2096	-1	2096	-1	-1	9	1560	xuejing	1749	-1	-1	-1	-1	6016	-1	-1
74	11093	wangfu	BattleUICollection3	5	-1	-1	-1	2472	2473	2473	2473	2472	2473	2473	2473	2472	2473	2472	2472	2094	-1	2095	-1	2473	-1	-1	-1	8	1478	minju	1662	-1	-1	-1	-1	-1	6015	-1
73	11092	wangfu	BattleUICollection3	5	-1	-1	-1	2468	2469	2469	2469	2468	2469	2469	2469	2468	2469	2468	2468	2470	-1	2471	-1	2468	-1	-1	-1	8	1478	minju	1662	-1	-1	-1	-1	-1	-1	-1
72	11091	wangfu	BattleUICollection3	5	-1	-1	-1	-1	2466	2466	2466	2465	2466	2466	2466	-1	2466	2465	2465	2465	2467	2466	2466	-1	2465	-1	-1	8	1478	minju	1662	-1	-1	-1	-1	-1	-1	-1
71	11090	wangfu	BattleUICollection3	5	-1	-1	-1	-1	2464	-1	2464	2463	2464	2464	2464	2464	2464	2463	2463	2464	2093	2464	2463	-1	2463	-1	-1	8	1393	minju	1572	-1	-1	-1	-1	-1	-1	-1
70	11089	wangfu	BattleUICollection3	5	-1	-1	-1	-1	2090	-1	2090	2090	2090	2091	2091	2091	2090	2090	2090	2090	2092	2090	2091	-1	2091	-1	-1	8	1393	minju	1572	-1	-1	-1	-1	-1	-1	-1
79	11098	xueshan	BattleUICollection6	5	-1	-1	-1	2480	2480	2479	-1	2481	-1	2480	2480	2480	2481	-1	2481	2480	2482	2480	2481	-1	2481	-1	-1	9	1650	xuejing	1845	-1	-1	-1	-1	-1	-1	0
78	11097	xueshan	BattleUICollection6	5	-1	-1	-1	2476	2476	2476	-1	2477	-1	2476	2476	2476	2477	-1	2477	2476	2478	2476	2477	-1	2477	-1	-1	9	1650	xuejing	1845	-1	-1	-1	-1	-1	-1	-1
10028	11289	siyuan	BattleUICollection5	50	-1	-1	-1	4070	4070	4070	4071	-1	4071	4071	4071	4071	4070	-1	4070	4072	4074	4073	4072	-1	4073	-1	2	1012	14468	siyuan	14760	-1	-1	-1	-1	-1	-1	-1
10017	11231	heye	BattleUICollection4	15	-1	-1	-1	3034	3035	3036	3037	3038	3039	3034	3035	3036	3037	3038	3039	-1	3044	-1	3038	-1	3038	-1	2	1009	500	jiangnanshuixiang	500	-1	-1	-1	-1	-1	-1	-1
10011	11236	xueshan	BattleUICollection6	20	-1	-1	-1	4017	-1	4017	4018	4018	4018	4018	4018	4018	4017	4017	4017	4018	4019	4018	4017	-1	4017	-1	3	1001	29021	xuejing	400000	-1	-1	-1	-1	-1	-1	-1
