10004	208	0	iap518元买15540元宝
10005	209	0	iap648元买19440元宝
10006	197	1	iap6元买60元宝
10007	198	1	iap30元买315元宝
10000	204	0	iap6元买180元宝
10001	205	0	iap30元买900元宝
10002	206	0	iap98元买2940元宝
10003	207	0	iap298元买8940元宝
10037	217	1	1分钱
10041	356	0	PP98元买2940元宝
10042	358	0	PP298元买8940元宝
10043	359	0	PP518元买15540元宝
10008	199	1	iap98元买1049元宝
10009	200	1	iap298元买3278元宝
10046	365	1	PP30元买315元宝
10047	367	1	PP98元买1049元宝
10035	235	2	ipay648元买11664元宝
10049	369	1	PP518元买5698元宝
10028	228	1	ipay518元买5698元宝
10029	229	1	ipay648元买7128元宝
10026	226	1	ipay98元买1049元宝
10027	227	1	ipay298元买3278元宝
10024	224	1	ipay6元买60元宝
10025	225	1	ipay30元买315元宝
10022	222	0	ipay518元买15540元宝
10023	223	0	ipay648元买19440元宝
10020	220	0	ipay98元买2940元宝
10021	221	0	ipay298元买8940元宝
10036	217	0	1分钱
10031	231	2	ipay30元买375元宝
10050	371	1	PP648元买7128元宝
10030	230	2	ipay6元买75元宝
10040	354	0	PP30元买900元宝
10033	233	2	ipay298元买4470元宝
10056	377	2	PP648元买11664元宝
10032	232	2	ipay98元买1225元宝
10044	362	0	PP648元买19440元宝
10055	376	2	PP518元买9324元宝
10054	375	2	PP298元买4470元宝
10053	374	2	PP98元买1225元宝
10052	373	2	PP30元买375元宝
10051	372	2	PP6元买75元宝
10045	364	1	PP6元买60元宝
10019	219	0	ipay30元买900元宝
10018	218	0	ipay6元买180元宝
10039	353	0	PP6元买180元宝
10038	217	2	1分钱
10013	211	2	iap30元买375元宝
10012	210	2	iap6元买75元宝
10011	203	1	iap648元买7128元宝
10010	201	1	iap518元买5698元宝
10017	215	2	iap648元买11664元宝
10016	214	2	iap518元买9324元宝
10015	213	2	iap298元买4470元宝
10014	212	2	iap98元买1225元宝
10034	234	2	ipay518元买9324元宝
10048	368	1	PP298元买3278元宝
