1142	首次充值	0	3	1	-1	588888	-1	-1	-1	-1	1	1	金币x588888	-1
1143	首次元宝抽奖获惊喜道具奖赏	0	13	1	-1	-1	-1	-1	-1	-1	5	5	强身丹x5	大力丸x5
1140	每日充值给予元宝	1	3	600	0	-1	300	-1	-1	-1	-1	-1	元宝x300	-1
1141	每日充值给予奖励	1	3	100	0	360000	-1	-1	-1	-1	1	1	金币x360000	-1
1146	首次完成珍珑棋局-英雄	0	5	10002	1145	-1	200	-1	-1	-1	-1	-1	元宝x200	-1
1147	首次完成玄武岛小狐仙	0	5	10004	-1	-1	50	-1	-1	-1	-1	-1	元宝x50	-1
1144	首次完成珍珑棋局-普通	0	5	10000	-1	-1	100	-1	-1	-1	-1	-1	元宝x100	-1
1145	首次完成珍珑棋局-精英	0	5	10001	1144	-1	150	-1	-1	-1	-1	-1	元宝x150	-1
1148	首次完成玄武岛莽牯朱蛤	0	5	10005	-1	-1	50	-1	-1	-1	-1	-1	元宝x50	-1
1149	首次完成玄武岛圣企鹅	0	5	10006	-1	-1	50	-1	-1	-1	-1	-1	元宝x50	-1
1078	等级达到19级	0	2	19	1077	-1	80	-1	-1	-1	-1	-1	元宝x80	-1
1079	等级达到20级	0	2	20	1078	146666	-1	-1	-1	-1	-1	-1	金币x146666	-1
1076	等级达到17级	0	2	17	1075	126666	-1	-1	-1	-1	-1	-1	金币x126666	-1
1077	等级达到18级	0	2	18	1076	-1	-1	-1	-1	-1	-1	2	强身丹x2	-1
1074	等级达到15级	0	2	15	1073	-1	-1	-1	-1	-1	2	-1	大力丸x2	-1
1075	等级达到16级	0	2	16	1074	-1	70	-1	-1	-1	-1	-1	元宝x70	-1
1072	等级达到13级	0	2	13	1071	-1	60	-1	-1	-1	-1	-1	元宝x60	-1
1073	等级达到14级	0	2	14	1072	106666	-1	-1	-1	-1	-1	-1	金币x106666	-1
1070	等级达到11级	0	2	11	1069	86666	-1	-1	-1	-1	-1	-1	金币x86666	-1
1071	等级达到12级	0	2	12	1070	-1	-1	-1	-1	-1	-1	1	强身丹x1	-1
1094	等级达到35级	0	2	35	1093	246666	-1	-1	-1	-1	-1	-1	金币x246666	-1
1095	等级达到36级	0	2	36	1094	-1	-1	-1	-1	-1	-1	3	强身丹x3	-1
1096	等级达到37级	0	2	37	1095	-1	140	-1	-1	-1	-1	-1	元宝x140	-1
1097	等级达到38级	0	2	38	1096	266666	-1	-1	-1	-1	-1	-1	金币x266666	-1
1090	等级达到31级	0	2	31	1089	-1	120	-1	-1	-1	-1	-1	元宝x120	-1
1091	等级达到32级	0	2	32	1090	226666	-1	-1	-1	-1	-1	-1	金币x226666	-1
1092	等级达到33级	0	2	33	1091	-1	-1	-1	-1	-1	3	-1	大力丸x3	-1
1093	等级达到34级	0	2	34	1092	-1	130	-1	-1	-1	-1	-1	元宝x130	-1
1155	首次完成珍珑棋局-黑白	0	5	10012	-1	-1	50	-1	-1	-1	-1	-1	元宝x50	-1
1154	首次完成惩奸除恶-英雄	0	5	10011	1153	-1	200	-1	-1	-1	-1	-1	元宝x200	-1
1157	首次完成玄武岛众兽-鳄鱼	0	5	10014	-1	-1	50	-1	-1	-1	-1	-1	元宝x50	-1
1156	首次完成玄武岛众兽-大螳螂	0	5	10013	-1	-1	50	-1	-1	-1	-1	-1	元宝x50	-1
1098	等级达到39级	0	2	39	1097	-1	-1	-1	-1	-1	4	-1	大力丸x4	-1
1099	等级达到40级	0	2	40	1098	-1	150	-1	-1	-1	-1	-1	元宝x150	-1
1153	首次完成惩奸除恶-精英	0	5	10010	1152	-1	150	-1	-1	-1	-1	-1	元宝x150	-1
1152	首次完成惩奸除恶-普通	0	5	10009	-1	-1	100	-1	-1	-1	-1	-1	元宝x100	-1
1069	等级达到10级	0	2	10	1068	-1	50	-1	-1	-1	-1	-1	元宝x50	-1
1068	等级达到9级	0	2	9	1067	-1	-1	-1	-1	-1	1	-1	大力丸x1	-1
1061	等级达到2级	0	2	2	-1	26666	-1	-1	-1	-1	-1	-1	金币x26666	-1
1060	每日武林战斗胜利20次	1	7	20	-1	-1	-1	-1	-1	-1	1	1	强身丹x1	大力丸x1
1063	等级达到4级	0	2	4	1062	-1	30	-1	-1	-1	-1	-1	元宝x30	-1
1062	等级达到3级	0	2	3	1061	-1	-1	-1	-1	-1	1	-1	大力丸x1	-1
1065	等级达到6级	0	2	6	1064	-1	-1	-1	-1	-1	-1	1	强身丹x1	-1
1064	等级达到5级	0	2	5	1063	46666	-1	-1	-1	-1	-1	-1	金币x46666	-1
1067	等级达到8级	0	2	8	1066	66666	-1	-1	-1	-1	-1	-1	金币x66666	-1
1066	等级达到7级	0	2	7	1065	-1	40	-1	-1	-1	-1	-1	元宝x40	-1
1087	等级达到28级	0	2	28	1086	-1	110	-1	-1	-1	-1	-1	元宝x110	-1
1086	等级达到27级	0	2	27	1085	-1	-1	-1	-1	-1	3	-1	大力丸x3	-1
1085	等级达到26级	0	2	26	1084	186666	-1	-1	-1	-1	-1	-1	金币x186666	-1
1084	等级达到25级	0	2	25	1083	-1	100	-1	-1	-1	-1	-1	元宝x100	-1
1083	等级达到24级	0	2	24	1082	-1	-1	-1	-1	-1	-1	2	强身丹x2	-1
1082	等级达到23级	0	2	23	1081	166666	-1	-1	-1	-1	-1	-1	金币x166666	-1
1081	等级达到22级	0	2	22	1080	-1	90	-1	-1	-1	-1	-1	元宝x90	-1
1080	等级达到21级	0	2	21	1079	-1	-1	-1	-1	-1	2	-1	大力丸x2	-1
1120	等级达到61级	0	2	61	1119	-1	220	-1	-1	-1	-1	-1	元宝x220	-1
1121	等级达到62级	0	2	62	1120	426666	-1	-1	-1	-1	-1	-1	金币x426666	-1
1122	等级达到63级	0	2	63	1121	-1	-1	-1	-1	-1	5	-1	大力丸x5	-1
1123	等级达到64级	0	2	64	1122	-1	230	-1	-1	-1	-1	-1	元宝x230	-1
1124	等级达到65级	0	2	65	1123	446666	-1	-1	-1	-1	-1	-1	金币x446666	-1
1125	等级达到66级	0	2	66	1124	-1	-1	-1	-1	-1	-1	5	强身丹x5	-1
1089	等级达到30级	0	2	30	1088	-1	-1	-1	-1	-1	-1	3	强身丹x3	-1
1088	等级达到29级	0	2	29	1087	206666	-1	-1	-1	-1	-1	-1	金币x206666	-1
1018	通关金戈荡寇敖兵副本	0	5	93	1017	-1	160	-1	-1	-1	-1	-1	元宝x160	-1
1019	通关函谷八友副本	0	5	102	1018	-1	160	-1	-1	-1	-1	-1	元宝x160	-1
1014	通关聚贤庄鏖战副本	0	5	56	1013	-1	130	-1	-1	-1	-1	-1	元宝x130	-1
1015	通关小镜湖恶斗副本	0	5	66	1014	-1	130	-1	-1	-1	-1	-1	元宝x130	-1
1016	通关马家鉴实情副本	0	5	74	1015	-1	160	-1	-1	-1	-1	-1	元宝x160	-1
1017	通关女真兄弟副本	0	5	83	1016	-1	160	-1	-1	-1	-1	-1	元宝x160	-1
1010	通关万劫谷救人副本	0	5	18	1009	-1	100	-1	-1	-1	-1	-1	元宝x100	-1
1011	通关夜闯大理皇宫副本	0	5	27	1010	-1	100	-1	-1	-1	-1	-1	元宝x100	-1
1012	通关听香水榭解围副本	0	5	36	1011	-1	130	-1	-1	-1	-1	-1	元宝x130	-1
1013	通关杏子林丐帮叛乱副本	0	5	46	1012	-1	130	-1	-1	-1	-1	-1	元宝x130	-1
1139	等级达到80级	0	2	80	1138	546666	-1	-1	-1	-1	-1	-1	金币x546666	-1
1138	等级达到79级	0	2	79	1137	-1	280	-1	-1	-1	-1	-1	元宝x280	-1
1133	等级达到74级	0	2	74	1132	506666	-1	-1	-1	-1	-1	-1	金币x506666	-1
1132	等级达到73级	0	2	73	1131	-1	260	-1	-1	-1	-1	-1	元宝x260	-1
1131	等级达到72级	0	2	72	1130	-1	-1	-1	-1	-1	-1	5	强身丹x5	-1
1130	等级达到71级	0	2	71	1129	486666	-1	-1	-1	-1	-1	-1	金币x486666	-1
1137	等级达到78级	0	2	78	1136	-1	-1	-1	-1	-1	-1	5	强身丹x5	-1
1136	等级达到77级	0	2	77	1135	526666	-1	-1	-1	-1	-1	-1	金币x526666	-1
1135	等级达到76级	0	2	76	1134	-1	270	-1	-1	-1	-1	-1	元宝x270	-1
1134	等级达到75级	0	2	75	1133	-1	-1	-1	-1	-1	5	-1	大力丸x5	-1
1009	通关无量山遇险副本	0	5	9	-1	-1	100	-1	-1	-1	-1	-1	元宝x100	-1
1008	[47D2FF]累积登录[F1ECCF]10天	0	1	10	1007	-1	498	-1	-1	-1	-1	-1	元宝x498	-1
1007	[47D2FF]累积登录[F1ECCF]7天	0	1	7	1006	-1	-1	-1	-1	-1	3	3	强身丹x3	大力丸x3
1006	[47D2FF]累积登录[F1ECCF]5天	0	1	5	1005	-1	258	-1	-1	-1	-1	-1	元宝x258	-1
1005	[47D2FF]累积登录[F1ECCF]3天	0	1	3	1004	-1	-1	-1	-1	-1	2	2	强身丹x2	大力丸x2
1004	[47D2FF]累积登录[F1ECCF]2天	0	1	2	-1	-1	128	-1	-1	-1	-1	-1	元宝x128	-1
1003	每日武林战斗胜利5次	1	7	5	-1	-1	-1	-1	-1	-1	1	1	强身丹x1	大力丸x1
1002	每日武林首战奖赏	1	6	1	-1	88888	-1	-1	-1	-1	-1	-1	金币x88888	-1
1001	[A5E295]每日登录[F1ECCF]元宝奖赏	1	0	1	-1	-1	100	-1	-1	-1	-1	-1	元宝x100	-1
1000	[A5E295]每日登录[F1ECCF]体力奖赏	1	0	1	-1	-1	-1	1000	-1	-1	-1	-1	恢复至满体力	-1
1128	等级达到69级	0	2	69	1127	-1	-1	-1	-1	-1	5	-1	大力丸x5	-1
1129	等级达到70级	0	2	70	1128	-1	250	-1	-1	-1	-1	-1	元宝x250	-1
1038	[FFAB27]连续登录[F1ECCF]9天	0	9	9	1	-1	32	-1	-1	-1	-1	-1	元宝x32	-1
1039	[FFAB27]连续登录[F1ECCF]10天	0	9	10	1	-1	40	-1	-1	-1	-1	-1	元宝x40	-1
1032	[FFAB27]连续登录[F1ECCF]3天	0	9	3	1	-1	14	-1	-1	-1	-1	-1	元宝x14	-1
1033	[FFAB27]连续登录[F1ECCF]4天	0	9	4	1	-1	16	-1	-1	-1	-1	-1	元宝x16	-1
1030	[FFAB27]连续登录[F1ECCF]1天	0	9	1	1	-1	10	-1	-1	-1	-1	-1	元宝x10	-1
1031	[FFAB27]连续登录[F1ECCF]2天	0	9	2	1	-1	12	-1	-1	-1	-1	-1	元宝x12	-1
1036	[FFAB27]连续登录[F1ECCF]7天	0	9	7	1	-1	26	-1	-1	-1	-1	-1	元宝x26	-1
1037	[FFAB27]连续登录[F1ECCF]8天	0	9	8	1	-1	29	-1	-1	-1	-1	-1	元宝x29	-1
1034	[FFAB27]连续登录[F1ECCF]5天	0	9	5	1	-1	20	-1	-1	-1	-1	-1	元宝x20	-1
1035	[FFAB27]连续登录[F1ECCF]6天	0	9	6	1	-1	23	-1	-1	-1	-1	-1	元宝x23	-1
1126	等级达到67级	0	2	67	1125	-1	240	-1	-1	-1	-1	-1	元宝x240	-1
1127	等级达到68级	0	2	68	1126	466666	-1	-1	-1	-1	-1	-1	金币x466666	-1
1025	通关血溅曼陀山庄副本	0	5	166	1024	-1	200	-1	-1	-1	-1	-1	元宝x200	-1
1024	通关比武招亲副本	0	5	157	1023	-1	200	-1	-1	-1	-1	-1	元宝x200	-1
1027	通关初探灵鹫宫副本	0	5	184	1026	-1	200	-1	-1	-1	-1	-1	元宝x200	-1
1026	通关拜访天龙寺副本	0	5	176	1025	-1	200	-1	-1	-1	-1	-1	元宝x200	-1
1021	通关万仙大会副本	0	5	124	1020	-1	200	-1	-1	-1	-1	-1	元宝x200	-1
1020	通关擂鼓山对弈副本	0	5	112	1019	-1	160	-1	-1	-1	-1	-1	元宝x160	-1
1023	通关少室山之难副本	0	5	148	1022	-1	200	-1	-1	-1	-1	-1	元宝x200	-1
1022	通关西夏皇宫副本	0	5	133	1021	-1	200	-1	-1	-1	-1	-1	元宝x200	-1
1029	首次完成珍珑棋局获80元宝	0	5	10000	0	-1	80	-1	-1	-1	-1	-1	元宝x80	-1
1028	通关拜访少林寺副本	0	5	193	1027	-1	200	-1	-1	-1	-1	-1	元宝x200	-1
1106	等级达到47级	0	2	47	1105	326666	-1	-1	-1	-1	-1	-1	金币x326666	-1
1107	等级达到48级	0	2	48	1106	-1	-1	-1	-1	-1	-1	4	强身丹x4	-1
1104	等级达到45级	0	2	45	1103	-1	-1	-1	-1	-1	4	-1	大力丸x4	-1
1105	等级达到46级	0	2	46	1104	-1	170	-1	-1	-1	-1	-1	元宝x170	-1
1102	等级达到43级	0	2	43	1101	-1	160	-1	-1	-1	-1	-1	元宝x160	-1
1103	等级达到44级	0	2	44	1102	306666	-1	-1	-1	-1	-1	-1	金币x306666	-1
1100	等级达到41级	0	2	41	1099	286666	-1	-1	-1	-1	-1	-1	金币x286666	-1
1101	等级达到42级	0	2	42	1100	-1	-1	-1	-1	-1	-1	4	强身丹x4	-1
1108	等级达到49级	0	2	49	1107	-1	180	-1	-1	-1	-1	-1	元宝x180	-1
1109	等级达到50级	0	2	50	1108	346666	-1	-1	-1	-1	-1	-1	金币x346666	-1
1164	首次完成大战逍遥派-精英	0	5	10021	1163	-1	150	-1	-1	-1	-1	-1	元宝x150	-1
1165	首次完成大战逍遥派-英雄	0	5	10022	1164	-1	200	-1	-1	-1	-1	-1	元宝x200	-1
1166	通关逍遥蓬莱寻仙人	0	5	200	1028	-1	200	-1	-1	-1	-1	-1	元宝x200	-1
1167	通关少林绝技名天下	0	5	207	1166	-1	200	-1	-1	-1	-1	-1	元宝x200	-1
1160	首次完成玄武岛众兽-墨镜猫	0	5	10017	-1	-1	50	-1	-1	-1	-1	-1	元宝x50	-1
1161	首次完成玄武岛众兽-蝴蝶	0	5	10018	-1	-1	50	-1	-1	-1	-1	-1	元宝x50	-1
1162	首次完成平叛-每日	0	5	10019	-1	-1	50	-1	-1	-1	-1	-1	元宝x50	-1
1163	首次完成大战逍遥派-普通	0	5	10020	-1	-1	100	-1	-1	-1	-1	-1	元宝x100	-1
1168	通关一代宗师系灵门	0	5	214	1167	-1	200	-1	-1	-1	-1	-1	元宝x200	-1
1169	通关段氏思平建大理	0	5	221	1168	-1	200	-1	-1	-1	-1	-1	元宝x200	-1
1159	首次完成玄武岛众兽-北极熊	0	5	10016	-1	-1	50	-1	-1	-1	-1	-1	元宝x50	-1
1158	首次完成玄武岛众兽-冰蚕	0	5	10015	-1	-1	50	-1	-1	-1	-1	-1	元宝x50	-1
1050	首次改名获100元宝奖赏	0	10	1	-1	-1	100	-1	-1	-1	-1	-1	元宝x100	-1
1051	首次副本失败	0	11	1	0	-1	300	-1	-1	-1	-1	-1	元宝x300	-1
1052	论剑首次达到或超过第1000名	0	12	1000	-1	-1	100	-1	-1	-1	-1	-1	元宝x100	-1
1053	论剑首次达到或超过第500名	0	12	500	1052	-1	150	-1	-1	-1	-1	-1	元宝x150	-1
1054	论剑首次达到或超过第200名	0	12	200	1053	-1	200	-1	-1	-1	-1	-1	元宝x200	-1
1055	论剑首次达到或超过第100名	0	12	100	1054	-1	280	-1	-1	-1	-1	-1	元宝x280	-1
1056	论剑首次达到或超过第50名	0	12	50	1055	-1	350	-1	-1	-1	-1	-1	元宝x350	-1
1057	论剑首次达到或超过第10名	0	12	10	1056	-1	500	-1	-1	-1	-1	-1	元宝x500	-1
1058	论剑首次达到第1名	0	12	1	1057	-1	800	-1	-1	-1	-1	-1	元宝x800	-1
1059	每日武林战斗胜利10次	1	6	10	-1	158888	-1	-1	-1	-1	-1	-1	金币x158888	-1
1111	等级达到52级	0	2	52	1110	-1	190	-1	-1	-1	-1	-1	元宝x190	-1
1110	等级达到51级	0	2	51	1109	-1	-1	-1	-1	-1	5	-1	大力丸x5	-1
1113	等级达到54级	0	2	54	1112	-1	-1	-1	-1	-1	-1	5	强身丹x5	-1
1112	等级达到53级	0	2	53	1111	366666	-1	-1	-1	-1	-1	-1	金币x366666	-1
1115	等级达到56级	0	2	56	1114	386666	-1	-1	-1	-1	-1	-1	金币x386666	-1
1114	等级达到55级	0	2	55	1113	-1	200	-1	-1	-1	-1	-1	元宝x200	-1
1117	等级达到58级	0	2	58	1116	-1	210	-1	-1	-1	-1	-1	元宝x210	-1
1116	等级达到57级	0	2	57	1115	-1	-1	-1	-1	-1	5	-1	大力丸x5	-1
1119	等级达到60级	0	2	60	1118	-1	-1	-1	-1	-1	-1	5	强身丹x5	-1
1118	等级达到59级	0	2	59	1117	406666	-1	-1	-1	-1	-1	-1	金币x406666	-1
1176	首次完成武僧玄澄篇-英雄	0	5	10028	1175	-1	200	-1	-1	-1	-1	-1	元宝x200	-1
1175	首次完成武僧玄澄篇-精英	0	5	10027	1174	-1	150	-1	-1	-1	-1	-1	元宝x150	-1
1174	首次完成武僧玄澄篇-普通	0	5	10026	-1	-1	100	-1	-1	-1	-1	-1	元宝x100	-1
1173	首次完成都灵道长篇-英雄	0	5	10025	1172	-1	200	-1	-1	-1	-1	-1	元宝x200	-1
1172	首次完成都灵道长篇-精英	0	5	10024	1171	-1	150	-1	-1	-1	-1	-1	元宝x150	-1
1171	首次完成都灵道长篇-普通	0	5	10023	-1	-1	100	-1	-1	-1	-1	-1	元宝x100	-1
1170	通关燕子坞中会龙城	0	5	229	1169	-1	200	-1	-1	-1	-1	-1	元宝x200	-1
1151	首次完成玄武岛龙龟	0	5	10008	-1	-1	50	-1	-1	-1	-1	-1	元宝x50	-1
1150	首次完成玄武岛神猿	0	5	10007	-1	-1	50	-1	-1	-1	-1	-1	元宝x50	-1
1043	[FFAB27]连续登录[F1ECCF]14天	0	9	14	1	-1	56	-1	-1	-1	-1	-1	元宝x56	-1
1042	[FFAB27]连续登录[F1ECCF]13天	0	9	13	1	-1	52	-1	-1	-1	-1	-1	元宝x52	-1
1041	[FFAB27]连续登录[F1ECCF]12天	0	9	12	1	-1	48	-1	-1	-1	-1	-1	元宝x48	-1
1040	[FFAB27]连续登录[F1ECCF]11天	0	9	11	1	-1	44	-1	-1	-1	-1	-1	元宝x44	-1
1047	[FFAB27]连续登录[F1ECCF]18天	0	9	18	1	-1	85	-1	-1	-1	-1	-1	元宝x85	-1
1046	[FFAB27]连续登录[F1ECCF]17天	0	9	17	1	-1	80	-1	-1	-1	-1	-1	元宝x80	-1
1045	[FFAB27]连续登录[F1ECCF]16天	0	9	16	1	-1	75	-1	-1	-1	-1	-1	元宝x75	-1
1044	[FFAB27]连续登录[F1ECCF]15天	0	9	15	1	-1	70	-1	-1	-1	-1	-1	元宝x70	-1
1049	[FFAB27]连续登录[F1ECCF]20天	0	9	20	1	-1	100	-1	-1	-1	-1	-1	元宝x100	-1
1048	[FFAB27]连续登录[F1ECCF]19天	0	9	19	1	-1	90	-1	-1	-1	-1	-1	元宝x90	-1
