60050	全体加血+护盾	50050	1	1	0	1	2	1	3	1	0	65	0	111	1000	10052	100	0	0	0	0
40159	前排	60021	4	6	0	0	2	0	1	2	0	86	0	22	0	10001	100	0	0	0	0
40158	单体	60020	4	6	1	0	2	0	0	2	0	138	0	21	0	10001	100	0	0	0	0
60051	随机三个目标	50051	1	1	0	1	2	0	7	2	0	70	0	112	0	10000	100	0	0	0	0
40153	攻击后排	60015	4	6	0	0	2	0	5	2	0	86	0	16	0	10001	100	0	0	0	0
40152	攻击后排	60014	4	6	0	0	2	0	0	2	0	86	0	15	0	10001	100	0	0	0	0
40151	单体攻击	60013	4	6	0	0	2	0	0	2	0	138	0	14	0	10001	100	0	0	0	0
40150	单体攻击	60012	4	6	0	0	2	0	0	2	0	138	0	13	0	10001	100	0	0	0	0
40157	前排	60019	4	6	0	0	2	0	1	2	0	86	0	20	0	10001	100	0	0	0	0
40156	随机两个个目标	60018	4	6	1	0	2	0	4	2	0	103	0	19	0	10001	100	0	0	0	0
40155	竖排	60017	4	6	0	0	2	0	2	2	0	109	0	18	0	10001	100	0	0	0	0
40154	全体治疗+持续治疗Buff	60016	4	6	0	0	2	1	3	1	0	55	0	17	1000	10017	100	0	0	0	0
60053	下次攻击必定暴击	50053	1	1	0	1	2	2	8	1	0	0	0	114	1000	10051	100	0	0	0	0
80416	外功抗性	50000	6	10	2	1	2	18	8	1	0	0	18	0	0	0	0	0	0	0	0
80330	生命上限	50000	10	10	2	1	2	13	8	1	0	0	8000	0	0	0	0	0	0	0	0
40029	竖排攻击+概率眩晕	60029	1	6	1	0	2	0	2	2	0	85	0	30	600	10000	100	0	0	0	0
40229	单体攻击	60045	5	6	0	0	2	0	0	2	0	144	0	46	0	10001	100	0	0	0	0
40143	单体眩晕	60005	4	6	1	0	2	0	0	2	0	124	0	6	710	10000	100	0	0	0	0
40228	单体攻击+概率眩晕	60044	5	6	1	0	2	0	0	2	0	129	0	45	500	10000	100	0	0	0	0
40023	前排三个 目标	60023	1	6	0	0	2	0	1	2	0	75	0	24	0	10001	100	0	0	0	0
40022	单体攻击	60022	1	6	0	0	2	0	0	2	0	120	0	23	0	10001	100	0	0	0	0
40012	单体攻击	60012	1	6	0	0	2	0	0	2	0	120	0	13	0	10001	100	0	0	0	0
40013	单体攻击	60013	1	6	0	0	2	0	0	2	0	120	0	14	0	10001	100	0	0	0	0
40010	竖排控制	60010	1	6	0	0	2	0	2	2	0	85	0	11	700	10000	100	0	0	0	0
40011	单体攻击，给对方一个持续掉血的buff，给自己加一个吸血的buff	60011	1	6	1	0	2	0	0	2	0	96	0	12	1000	10038	100	10008	100	0	0
40016	全体治疗+持续治疗Buff	60016	1	6	0	0	2	1	3	1	0	48	0	17	1000	10014	100	0	0	0	0
40017	竖排	60017	1	6	0	0	2	0	2	2	0	95	0	18	0	10001	100	0	0	0	0
40014	攻击后排	60014	1	6	0	0	2	0	5	2	0	75	0	15	0	10001	100	0	0	0	0
40015	攻击后排	60015	1	6	0	0	2	0	5	2	0	75	0	16	0	10001	100	0	0	0	0
40018	随机两个个目标	60018	1	6	1	0	2	0	4	2	0	90	0	19	0	10001	100	0	0	0	0
40019	前排	60019	1	6	0	0	2	0	1	2	0	75	0	20	0	10001	100	0	0	0	0
40203	前排	60019	5	6	0	0	2	0	1	2	0	90	0	20	0	10001	100	0	0	0	0
40202	随机两个个目标	60018	5	6	1	0	2	0	4	2	0	102	0	19	0	10001	100	0	0	0	0
40201	竖排	60017	5	6	0	0	2	0	2	2	0	114	0	18	0	10001	100	0	0	0	0
40200	全体治疗+持续治疗Buff	60016	5	6	0	0	2	1	3	1	0	57	0	17	1000	10018	100	0	0	0	0
40207	前排三个 目标	60023	5	6	0	0	2	0	1	2	0	90	0	24	0	10001	100	0	0	0	0
40206	单体攻击	60022	5	6	0	0	2	0	0	2	0	144	0	23	0	10001	100	0	0	0	0
40205	前排	60021	5	6	0	0	2	0	1	2	0	90	0	22	0	10001	100	0	0	0	0
40204	单体	60020	5	6	1	0	2	0	0	2	0	144	0	21	0	10001	100	0	0	0	0
40209	攻击后排	60025	5	6	0	0	2	0	5	2	0	87	0	26	0	10001	100	0	0	0	0
40208	闪避伤害+反伤	60024	5	6	1	0	2	2	8	1	0	0	0	25	1000	10048	100	0	0	0	0
60052	后排	50052	1	1	1	1	2	0	5	2	0	75	0	113	0	10000	100	0	0	0	0
80209	内功防御	50000	9	10	2	1	2	12	8	1	0	0	3600	0	0	0	0	0	0	0	0
80208	内功防御	50000	8	10	2	1	2	12	8	1	0	0	3200	0	0	0	0	0	0	0	0
80207	内功防御	50000	7	10	2	1	2	12	8	1	0	0	2800	0	0	0	0	0	0	0	0
80206	内功防御	50000	6	10	2	1	2	12	8	1	0	0	2400	0	0	0	0	0	0	0	0
80205	内功防御	50000	5	10	2	1	2	12	8	1	0	0	2000	0	0	0	0	0	0	0	0
80204	内功防御	50000	4	10	2	1	2	12	8	1	0	0	1600	0	0	0	0	0	0	0	0
80203	内功防御	50000	3	10	2	1	2	12	8	1	0	0	1200	0	0	0	0	0	0	0	0
80202	内功防御	50000	2	10	2	1	2	12	8	1	0	0	800	0	0	0	0	0	0	0	0
80201	内功防御	50000	1	10	2	1	2	12	8	1	0	0	400	0	0	0	0	0	0	0	0
40334	下次攻击必定暴击	60053	6	6	0	0	2	2	8	1	0	0	0	0	1000	10051	100	0	0	0	0
40333	后排	60052	6	6	1	0	2	0	5	2	0	90	0	0	0	10000	100	0	0	0	0
40332	随机三个目标	60051	6	6	0	0	2	0	7	2	0	85	0	0	0	10000	100	0	0	0	0
40331	全体加血+护盾	60050	6	6	0	0	2	1	3	1	0	80	0	0	1000	10057	100	0	0	0	0
40330	随机攻击三个目标	60049	6	6	2	0	2	0	7	2	0	85	0	0	1000	10069	100	0	0	0	0
60003	单体攻击	50003	1	1	0	1	2	0	0	2	0	120	0	50	0	10001	100	0	0	0	0
60002	攻击前排	50002	1	1	0	1	2	0	1	2	0	75	0	49	0	10001	100	0	0	0	0
60001	单体攻击+概率控制+概率中毒	50001	1	1	2	1	2	0	0	2	0	108	0	48	500	10026	100	10001	100	0	0
60000	全体加血	50000	1	1	0	1	2	1	3	1	0	60	0	47	0	10001	100	0	0	0	0
60007	随机攻击两个目标+几率眩晕	50007	1	1	1	1	2	0	4	2	0	80	0	54	300	10000	100	0	0	0	0
60006	竖排DOT	50006	1	1	1	1	2	0	2	2	0	76	0	53	1000	10032	100	0	0	0	0
60005	单体眩晕	50005	1	1	1	1	2	0	0	2	0	96	0	52	650	10000	100	0	0	0	0
60004	单体攻击+概率眩晕	50004	1	1	2	1	2	0	0	2	0	108	0	51	500	10001	100	0	0	0	0
60009	单体	50009	1	1	1	1	2	0	0	2	0	120	0	56	0	10001	100	0	0	0	0
60008	单体	50008	1	1	0	1	2	0	0	2	0	120	0	55	0	10001	100	0	0	0	0
80501	内功抗性	50000	1	10	2	1	2	19	8	1	0	0	2	0	0	0	0	0	0	0	0
80502	内功抗性	50000	2	10	2	1	2	19	8	1	0	0	4	0	0	0	0	0	0	0	0
80503	内功抗性	50000	3	10	2	1	2	19	8	1	0	0	6	0	0	0	0	0	0	0	0
80504	内功抗性	50000	4	10	2	1	2	19	8	1	0	0	8	0	0	0	0	0	0	0	0
80505	内功抗性	50000	5	10	2	1	2	19	8	1	0	0	10	0	0	0	0	0	0	0	0
80506	内功抗性	50000	6	10	2	1	2	19	8	1	0	0	12	0	0	0	0	0	0	0	0
80507	内功抗性	50000	7	10	2	1	2	19	8	1	0	0	14	0	0	0	0	0	0	0	0
80508	内功抗性	50000	8	10	2	1	2	19	8	1	0	0	16	0	0	0	0	0	0	0	0
80509	内功抗性	50000	9	10	2	1	2	19	8	1	0	0	18	0	0	0	0	0	0	0	0
80119	外功防御	50000	9	10	2	1	2	11	8	1	0	0	5400	0	0	0	0	0	0	0	0
80118	外功防御	50000	8	10	2	1	2	11	8	1	0	0	4800	0	0	0	0	0	0	0	0
80113	外功防御	50000	3	10	2	1	2	11	8	1	0	0	1800	0	0	0	0	0	0	0	0
80112	外功防御	50000	2	10	2	1	2	11	8	1	0	0	1200	0	0	0	0	0	0	0	0
80111	外功防御	50000	1	10	2	1	2	11	8	1	0	0	600	0	0	0	0	0	0	0	0
80110	外功防御	50000	10	10	2	1	2	11	8	1	0	0	4000	0	0	0	0	0	0	0	0
80117	外功防御	50000	7	10	2	1	2	11	8	1	0	0	4200	0	0	0	0	0	0	0	0
80116	外功防御	50000	6	10	2	1	2	11	8	1	0	0	3600	0	0	0	0	0	0	0	0
80115	外功防御	50000	5	10	2	1	2	11	8	1	0	0	3000	0	0	0	0	0	0	0	0
80114	外功防御	50000	4	10	2	1	2	11	8	1	0	0	2400	0	0	0	0	0	0	0	0
50048	单体加血	40000	1	1	0	0	1	1	6	1	0	25	0	0	0	10001	100	0	0	0	0
50049	单体攻击	40029	1	1	0	0	1	0	0	2	0	50	0	0	0	10001	100	0	0	0	0
50044	单体攻击	40038	1	1	0	0	1	0	0	2	0	50	0	0	0	10001	100	0	0	0	0
50045	单体攻击+概率控制	40026	1	1	1	0	1	0	0	2	0	50	0	0	0	10000	100	0	0	0	0
50046	单体攻击	40020	1	1	1	0	1	0	0	2	0	50	0	0	0	10001	100	0	0	0	0
50047	单体攻击	40014	1	1	0	0	1	0	0	2	0	50	0	0	0	10001	100	0	0	0	0
50040	单体攻击	40013	1	1	0	0	1	0	0	2	0	50	0	0	0	10001	100	0	0	0	0
50041	单体攻击	40010	1	1	0	0	1	0	0	2	0	50	0	0	0	10001	100	0	0	0	0
50042	单体攻击	40025	1	1	0	0	1	0	0	2	0	50	0	0	0	10001	100	0	0	0	0
50043	单体攻击	40027	1	1	1	0	1	0	0	2	0	50	0	0	0	10001	100	0	0	0	0
40180	单体攻击+控制	60042	4	6	0	0	2	0	0	2	0	124	0	43	560	10000	100	0	0	0	0
40181	单体攻击	60043	4	6	0	0	2	0	0	2	0	138	0	44	0	10001	100	0	0	0	0
40069	前排三个 目标	60023	2	6	0	0	2	0	1	2	0	78	0	24	0	10001	100	0	0	0	0
40183	单体攻击	60045	4	6	0	0	2	0	0	2	0	138	0	46	0	10001	100	0	0	0	0
40184	全体加血	60000	5	6	0	0	2	1	3	1	0	72	0	1	0	10001	100	0	0	0	0
40185	单体攻击+概率控制+概率中毒	60001	5	6	2	0	2	0	0	2	0	129	0	2	580	10030	100	10001	100	0	0
40186	前排	60002	5	6	0	0	2	0	1	2	0	87	0	3	0	10001	100	0	0	0	0
40187	单体攻击	60003	5	6	0	0	2	0	0	2	0	144	0	4	0	10001	100	0	0	0	0
40188	单体攻击+概率眩晕	60004	5	6	1	0	2	0	0	2	0	129	0	5	580	10001	100	0	0	0	0
40189	单体眩晕	60005	5	6	1	0	2	0	0	2	0	129	0	6	730	10000	100	0	0	0	0
40061	攻击后排	60015	2	6	0	0	2	0	5	2	0	78	0	16	0	10001	100	0	0	0	0
40060	攻击后排	60014	2	6	0	0	2	0	5	2	0	78	0	15	0	10001	100	0	0	0	0
40067	前排	60021	2	6	0	0	2	0	1	2	0	78	0	22	0	10001	100	0	0	0	0
40066	单体	60020	2	6	1	0	2	0	0	2	0	126	0	21	0	10001	100	0	0	0	0
40065	前排	60019	2	6	0	0	2	0	1	2	0	78	0	20	0	10001	100	0	0	0	0
10009	前排攻击	10009	1	6	2	2	2	0	1	2	0	120	0	0	0	0	0	0	0	0	0
80414	外功抗性	50000	4	10	2	1	2	18	8	1	0	0	12	0	0	0	0	0	0	0	0
40119	攻击后排	60027	3	6	0	0	2	0	5	2	0	82	0	28	0	10001	100	0	0	0	0
40118	随机两个目标	60026	3	6	0	0	2	0	4	2	0	96	0	27	0	10001	100	0	0	0	0
40117	攻击后排	60025	3	6	0	0	2	0	5	2	0	81	0	26	0	10001	100	0	0	0	0
40116	闪避伤害+反伤	60024	3	6	1	0	2	2	8	1	0	0	0	25	1000	10046	100	0	0	0	0
40115	前排三个 目标	60023	3	6	0	0	2	0	1	2	0	82	0	24	0	10001	100	0	0	0	0
40114	单体攻击	60022	3	6	0	0	2	0	0	2	0	132	0	23	0	10001	100	0	0	0	0
40113	前排	60021	3	6	0	0	2	0	1	2	0	82	0	22	0	10001	100	0	0	0	0
40112	单体	60020	3	6	1	0	2	0	0	2	0	132	0	21	0	10001	100	0	0	0	0
40111	前排	60019	3	6	0	0	2	0	1	2	0	82	0	20	0	10001	100	0	0	0	0
40110	随机两个个目标	60018	3	6	1	0	2	0	4	2	0	96	0	19	0	10001	100	0	0	0	0
200003	全体攻击（木）	40006	1	1	1	1	2	0	3	2	0	125	0	53	0	0	0	0	0	0	0
80407	外功抗性	50000	7	10	2	1	2	18	8	1	0	0	14	0	0	0	0	0	0	0	0
40322	随机攻击三个目标	60049	5	6	2	0	2	0	7	2	0	82	0	0	1000	10068	100	0	0	0	0
40323	全体加血+护盾	60050	5	6	0	0	2	1	3	1	0	77	0	0	1000	10056	100	0	0	0	0
100001	无攻击	30025	1	6	3	0	1	2	3	1	0	100	0	0	0	30000	0	0	0	0	0
100000	全体增加护盾	30024	1	6	3	0	1	2	3	1	0	100	0	0	1000	30000	100	0	0	0	0
60047	单体+几率眩晕	50047	1	1	1	1	2	0	0	2	0	105	0	108	300	10000	100	0	0	0	0
60046	全体加血+BUFF	50046	1	1	0	1	2	1	3	1	0	60	0	107	1000	10058	100	0	0	0	0
60045	单体攻击	50045	1	1	0	1	2	0	0	2	0	120	0	92	0	10001	100	0	0	0	0
60044	单体攻击+概率眩晕	50044	1	1	1	1	2	0	0	2	0	108	0	91	350	10000	100	0	0	0	0
30028	单体攻击	40028	1	1	1	1	1	0	0	2	0	100	0	0	0	10001	100	0	0	0	0
30029	单体攻击	40029	1	1	0	1	1	0	0	2	0	100	0	0	0	10001	100	0	0	0	0
60041	竖排攻击+概率眩晕	50041	1	1	1	1	2	0	2	2	0	85	0	88	450	10000	100	0	0	0	0
60040	竖排	50040	1	1	0	1	2	0	2	2	0	95	0	87	0	10001	100	0	0	0	0
30024	单体攻击	40024	1	1	0	1	1	0	0	2	0	100	0	0	0	10001	100	0	0	0	0
30025	单体攻击	40025	1	1	0	1	1	0	0	2	0	100	0	0	0	10001	100	0	0	0	0
30026	单体攻击+概率控制	40026	1	1	1	1	1	0	0	2	0	100	0	0	100	10000	100	0	0	0	0
30027	随机攻击三个目标	40027	1	1	1	1	1	0	7	2	0	70	0	0	0	10001	100	0	0	0	0
30020	单体攻击	40020	1	1	1	1	1	0	0	2	0	100	0	0	0	10001	100	0	0	0	0
30021	单体攻击	40021	1	1	0	1	1	0	0	2	0	100	0	0	0	10001	100	0	0	0	0
30022	单体攻击+概率控制	40022	1	1	1	1	1	0	0	2	0	100	0	0	300	10000	100	0	0	0	0
30023	单体攻击	40023	1	1	0	1	1	0	0	2	0	100	0	0	0	10001	100	0	0	0	0
40328	单体+几率眩晕	60047	6	6	1	0	2	0	0	2	0	135	0	0	300	10000	100	0	0	0	0
40329	攻击前排	60048	6	6	0	0	2	0	1	2	0	90	0	0	0	10000	100	0	0	0	0
80415	外功抗性	50000	5	10	2	1	2	18	8	1	0	0	15	0	0	0	0	0	0	0	0
40247	竖排	60017	6	6	0	0	2	0	2	2	0	118	0	18	0	10001	100	0	0	0	0
40246	全体治疗+持续治疗Buff	60016	6	6	0	0	2	1	3	1	0	60	0	17	1000	10019	100	0	0	0	0
40245	攻击后排	60015	6	6	0	0	2	0	5	2	0	93	0	16	0	10001	100	0	0	0	0
40244	攻击后排	60014	6	6	0	0	2	0	5	2	0	93	0	15	0	10001	100	0	0	0	0
40243	单体攻击	60013	6	6	0	0	2	0	0	2	0	150	0	14	0	10001	100	0	0	0	0
40242	单体攻击	60012	6	6	0	0	2	0	0	2	0	150	0	13	0	10001	100	0	0	0	0
40241	单体攻击，给对方一个持续掉血的buff，给自己加一个吸血的buff	60011	6	6	1	0	2	0	0	2	0	120	0	12	1000	10043	100	10013	100	0	0
40240	竖排控制	60010	6	6	0	0	2	0	2	2	0	106	0	11	800	10000	100	0	0	0	0
40249	前排	60019	6	6	0	0	2	0	1	2	0	93	0	20	0	10001	100	0	0	0	0
40248	随机两个个目标	60018	6	6	1	0	2	0	4	2	0	105	0	19	0	10001	100	0	0	0	0
50000	单体加血	40000	1	1	0	0	1	1	6	1	0	90	0	0	0	10001	100	0	0	0	0
50001	单体攻击	40001	1	1	0	0	1	0	0	2	0	100	0	0	0	10001	100	0	0	0	0
50002	单体攻击	40002	1	1	0	0	1	0	0	2	0	100	0	0	0	10001	100	0	0	0	0
50003	单体攻击	40003	1	1	0	0	1	0	0	2	0	100	0	0	0	10001	100	0	0	0	0
50004	单体攻击	40004	1	1	1	0	1	0	0	2	0	100	0	0	0	10001	100	0	0	0	0
40191	随机攻击两个目标+几率眩晕	60007	5	6	1	0	2	0	4	2	0	94	0	8	400	10000	100	0	0	0	0
50006	单体攻击	40006	1	1	1	0	1	0	0	2	0	100	0	0	0	10001	100	0	0	0	0
50007	单体攻击	40007	1	1	0	0	1	0	0	2	0	100	0	0	0	10001	100	0	0	0	0
50008	单体攻击	40008	1	1	0	0	1	0	0	2	0	100	0	0	0	10001	100	0	0	0	0
50009	单体攻击	40009	1	1	0	0	1	0	0	2	0	100	0	0	0	10001	100	0	0	0	0
40190	竖排DOT	60006	5	6	1	0	2	0	2	2	0	91	0	7	1000	10036	100	0	0	0	0
80418	外功抗性	50000	8	10	2	1	2	18	8	1	0	0	24	0	0	0	0	0	0	0	0
80029	攻击	50000	9	10	2	1	2	10	8	1	0	0	3600	0	0	0	0	0	0	0	0
80028	攻击	50000	8	10	2	1	2	10	8	1	0	0	3200	0	0	0	0	0	0	0	0
80406	外功抗性	50000	6	10	2	1	2	18	8	1	0	0	12	0	0	0	0	0	0	0	0
80023	攻击	50000	3	10	2	1	2	10	8	1	0	0	1200	0	0	0	0	0	0	0	0
80022	攻击	50000	2	10	2	1	2	10	8	1	0	0	800	0	0	0	0	0	0	0	0
80021	攻击	50000	1	10	2	1	2	10	8	1	0	0	400	0	0	0	0	0	0	0	0
80020	攻击	50000	10	10	2	1	2	10	8	1	0	0	3000	0	0	0	0	0	0	0	0
80027	攻击	50000	7	10	2	1	2	10	8	1	0	0	2800	0	0	0	0	0	0	0	0
80026	攻击	50000	6	10	2	1	2	10	8	1	0	0	2400	0	0	0	0	0	0	0	0
80025	攻击	50000	5	10	2	1	2	10	8	1	0	0	2000	0	0	0	0	0	0	0	0
80024	攻击	50000	4	10	2	1	2	10	8	1	0	0	1600	0	0	0	0	0	0	0	0
80412	外功抗性	50000	2	10	2	1	2	18	8	1	0	0	6	0	0	0	0	0	0	0	0
80005	攻击	50000	5	10	2	1	2	10	8	1	0	0	1000	0	0	0	0	0	0	0	0
40050	单体攻击+概率眩晕	60004	2	6	1	0	2	0	0	2	0	113	0	5	520	10001	100	0	0	0	0
80004	攻击	50000	4	10	2	1	2	10	8	1	0	0	800	0	0	0	0	0	0	0	0
40051	单体眩晕	60005	2	6	1	0	2	0	0	2	0	113	0	6	670	10000	100	0	0	0	0
80007	攻击	50000	7	10	2	1	2	10	8	1	0	0	1400	0	0	0	0	0	0	0	0
80413	外功抗性	50000	3	10	2	1	2	18	8	1	0	0	9	0	0	0	0	0	0	0	0
80006	攻击	50000	6	10	2	1	2	10	8	1	0	0	1200	0	0	0	0	0	0	0	0
80001	攻击	50000	1	10	2	1	2	10	8	1	0	0	200	0	0	0	0	0	0	0	0
80417	外功抗性	50000	7	10	2	1	2	18	8	1	0	0	21	0	0	0	0	0	0	0	0
80328	生命上限	50000	8	10	2	1	2	13	8	1	0	0	6400	0	0	0	0	0	0	0	0
80003	攻击	50000	3	10	2	1	2	10	8	1	0	0	600	0	0	0	0	0	0	0	0
80324	生命上限	50000	4	10	2	1	2	13	8	1	0	0	3200	0	0	0	0	0	0	0	0
80325	生命上限	50000	5	10	2	1	2	13	8	1	0	0	4000	0	0	0	0	0	0	0	0
80326	生命上限	50000	6	10	2	1	2	13	8	1	0	0	4800	0	0	0	0	0	0	0	0
80002	攻击	50000	2	10	2	1	2	10	8	1	0	0	400	0	0	0	0	0	0	0	0
80320	生命上限	50000	10	10	2	1	2	13	8	1	0	0	6000	0	0	0	0	0	0	0	0
80321	生命上限	50000	1	10	2	1	2	13	8	1	0	0	800	0	0	0	0	0	0	0	0
80322	生命上限	50000	2	10	2	1	2	13	8	1	0	0	1600	0	0	0	0	0	0	0	0
80323	生命上限	50000	3	10	2	1	2	13	8	1	0	0	2400	0	0	0	0	0	0	0	0
60043	单体攻击	50043	1	1	0	1	2	0	0	2	0	120	0	90	0	10001	100	0	0	0	0
80411	外功抗性	50000	1	10	2	1	2	18	8	1	0	0	3	0	0	0	0	0	0	0	0
60042	单体攻击+控制	50042	1	1	0	1	2	0	0	2	0	108	0	89	500	10000	100	0	0	0	0
20058	全体持续掉血	30008	1	6	3	0	1	0	3	2	0	90	0	0	1000	10020	100	0	0	0	0
20059	全体攻击	30003	1	6	3	0	1	0	3	2	0	0	9550	0	0	10001	100	0	0	0	0
20054	全体攻击	30004	1	6	3	0	1	0	3	2	0	145	0	0	0	10001	100	0	0	0	0
20055	全体攻击	30005	1	6	3	0	1	0	3	2	0	140	0	0	0	10001	100	0	0	0	0
20056	全体攻击	30006	1	6	3	0	1	0	3	2	0	125	0	0	0	10001	100	0	0	0	0
20057	全体攻击	30007	1	6	3	0	1	0	3	2	0	125	0	0	0	10001	100	0	0	0	0
20050	全体攻击	30000	1	6	3	0	1	0	3	2	0	125	0	0	0	0	0	0	0	0	0
20051	控制后排3个目标1回合	30001	1	6	3	0	1	0	5	2	0	105	0	0	1000	10000	100	0	0	0	0
20052	全体攻击	30002	1	6	3	0	1	0	3	2	0	125	0	0	0	10001	100	0	0	0	0
20053	全体攻击	30003	1	6	3	0	1	0	3	2	0	135	0	0	0	10001	100	0	0	0	0
40144	竖排DOT	60006	4	6	1	0	2	0	2	2	0	87	0	7	1000	10035	100	0	0	0	0
40145	随机攻击两个目标+几率眩晕	60007	4	6	1	0	2	0	4	2	0	91	0	8	400	10000	100	0	0	0	0
40146	单体	60008	4	6	0	0	2	0	0	2	0	138	0	9	0	10001	100	0	0	0	0
40147	单体	60009	4	6	1	0	2	0	0	2	0	138	0	10	0	10001	100	0	0	0	0
40140	前排	60002	4	6	0	0	2	0	1	2	0	86	0	3	0	10001	100	0	0	0	0
40141	单体攻击	60003	4	6	0	0	2	0	0	2	0	138	0	4	0	10001	100	0	0	0	0
40142	单体攻击+概率眩晕	60004	4	6	1	0	2	0	0	2	0	124	0	5	560	10001	100	0	0	0	0
40028	前排+眩晕	60028	1	6	0	0	2	0	1	2	0	70	0	29	350	10000	100	0	0	0	0
40027	攻击后排	60027	1	6	0	0	2	0	5	2	0	75	0	28	0	10001	100	0	0	0	0
40026	随机两个目标	60026	1	6	0	0	2	0	4	2	0	90	0	27	0	10001	100	0	0	0	0
40025	攻击后排	60025	1	6	0	0	2	0	5	2	0	75	0	26	0	10001	100	0	0	0	0
40024	闪避伤害+反伤	60024	1	6	1	0	2	2	8	1	0	0	0	25	1000	10044	100	0	0	0	0
40148	竖排控制	60010	4	6	0	0	2	0	2	2	0	97	0	11	760	10000	100	0	0	0	0
40149	单体攻击，给对方一个持续掉血的buff，给自己加一个吸血的buff	60011	4	6	1	0	2	0	0	2	0	110	0	12	1000	10041	100	10011	100	0	0
40021	前排	60021	1	6	0	0	2	0	1	2	0	75	0	22	0	10001	100	0	0	0	0
40020	单体	60020	1	6	1	0	2	0	0	2	0	120	0	21	0	10001	100	0	0	0	0
80104	外功防御	50000	4	10	2	1	2	11	8	1	0	0	1600	0	0	0	0	0	0	0	0
40218	单体攻击	60034	5	6	0	0	2	0	0	2	0	144	0	35	0	10001	100	0	0	0	0
40219	后排控制	60035	5	6	0	0	2	0	5	2	0	80	0	36	700	10000	100	0	0	0	0
80105	外功防御	50000	5	10	2	1	2	11	8	1	0	0	2000	0	0	0	0	0	0	0	0
40214	单体攻击，给自己加一个吸血的buff	60030	5	6	0	0	2	0	0	2	0	115	0	31	1000	10002	100	0	0	0	0
40215	后排三个目标	60031	5	6	1	0	2	0	5	2	0	90	0	32	0	10001	100	0	0	0	0
40216	单体攻击	60032	5	6	0	0	2	0	0	2	0	150	0	33	0	10001	100	0	0	0	0
40217	前排	60033	5	6	0	0	2	0	1	2	0	90	0	34	0	10001	100	0	0	0	0
40210	随机两个目标	60026	5	6	0	0	2	0	4	2	0	102	0	27	0	10001	100	0	0	0	0
40211	攻击后排	60027	5	6	0	0	2	0	5	2	0	90	0	28	0	10001	100	0	0	0	0
40212	前排+眩晕	60028	5	6	0	0	2	0	1	2	0	84	0	29	450	10000	100	0	0	0	0
40213	竖排攻击+概率眩晕	60029	5	6	1	0	2	0	2	2	0	102	0	30	680	10000	100	0	0	0	0
60049	随机攻击三个目标	50049	1	1	2	1	2	0	7	2	0	70	0	110	1000	10064	100	0	0	0	0
80419	外功抗性	50000	9	10	2	1	2	18	8	1	0	0	27	0	0	0	0	0	0	0	0
60048	攻击前排	50048	1	1	0	1	2	0	1	2	0	75	0	109	0	10000	100	0	0	0	0
80218	内功防御	50000	8	10	2	1	2	12	8	1	0	0	4800	0	0	0	0	0	0	0	0
80219	内功防御	50000	9	10	2	1	2	12	8	1	0	0	5400	0	0	0	0	0	0	0	0
80210	内功防御	50000	10	10	2	1	2	12	8	1	0	0	4000	0	0	0	0	0	0	0	0
80211	内功防御	50000	1	10	2	1	2	12	8	1	0	0	600	0	0	0	0	0	0	0	0
80212	内功防御	50000	2	10	2	1	2	12	8	1	0	0	1200	0	0	0	0	0	0	0	0
80213	内功防御	50000	3	10	2	1	2	12	8	1	0	0	1800	0	0	0	0	0	0	0	0
80214	内功防御	50000	4	10	2	1	2	12	8	1	0	0	2400	0	0	0	0	0	0	0	0
80215	内功防御	50000	5	10	2	1	2	12	8	1	0	0	3000	0	0	0	0	0	0	0	0
80216	内功防御	50000	6	10	2	1	2	12	8	1	0	0	3600	0	0	0	0	0	0	0	0
80217	内功防御	50000	7	10	2	1	2	12	8	1	0	0	4200	0	0	0	0	0	0	0	0
40320	单体+几率眩晕	60047	5	6	1	0	2	0	0	2	0	124	0	0	300	10000	100	0	0	0	0
40321	攻击前排	60048	5	6	0	0	2	0	1	2	0	87	0	0	0	10000	100	0	0	0	0
40289	攻击前排	60048	1	6	0	0	2	0	1	2	0	75	0	0	0	10000	100	0	0	0	0
40288	单体+几率眩晕	60047	1	6	1	0	2	0	0	2	0	108	0	0	300	10000	100	0	0	0	0
40324	随机三个目标	60051	5	6	0	0	2	0	7	2	0	82	0	0	0	10000	100	0	0	0	0
40325	后排	60052	5	6	1	0	2	0	5	2	0	87	0	0	0	10000	100	0	0	0	0
40326	下次攻击必定暴击	60053	5	6	0	0	2	2	8	1	0	0	0	0	1000	10051	100	0	0	0	0
40327	全体加血+全体加防	60046	6	6	0	0	2	1	3	1	0	75	0	0	1000	10063	100	0	0	0	0
40283	单体攻击	50015	1	6	0	2	3	0	0	2	0	75	0	0	0	10001	100	0	0	0	0
40282	前排三个 目标	50023	1	6	0	1	4	0	1	2	0	55	0	0	0	10001	100	0	0	0	0
40281	单体攻击	50045	1	6	0	2	3	0	0	2	0	75	0	0	0	10001	100	0	0	0	0
40280	单体攻击+概率眩晕	50044	1	6	1	2	3	0	0	2	0	75	0	0	0	10000	100	0	0	0	0
40287	全体加血+全体加防	60046	1	6	0	0	2	1	3	1	0	60	0	0	1000	10058	100	0	0	0	0
40286	单体眩晕	50005	1	6	1	0	4	0	0	2	0	75	0	0	0	10000	100	0	0	0	0
40285	单体攻击	50032	1	6	0	2	3	0	0	2	0	75	0	0	0	10001	100	0	0	0	0
40284	全体加血	50000	1	6	0	2	3	1	3	1	0	30	0	0	0	10001	100	0	0	0	0
30015	单体攻击+概率控制	40015	1	1	1	1	1	0	0	2	0	100	0	0	150	10000	100	0	0	0	0
30014	单体攻击	40014	1	1	0	1	1	0	0	2	0	100	0	0	0	10001	100	0	0	0	0
30017	单体攻击	40017	1	1	1	1	1	0	0	2	0	100	0	0	0	10001	100	0	0	0	0
30016	单体攻击	40016	1	1	0	1	1	0	0	2	0	100	0	0	0	10001	100	0	0	0	0
30011	单体攻击	40011	1	1	0	1	1	0	0	2	0	100	0	0	0	10001	100	0	0	0	0
30010	随机攻击三个目标	40010	1	1	0	1	1	0	7	2	0	70	0	0	0	10001	100	0	0	0	0
30013	随机攻击两个目标	40013	1	1	0	1	1	0	4	2	0	90	0	0	0	10001	100	0	0	0	0
30012	单体攻击	40012	1	1	0	1	1	0	0	2	0	100	0	0	0	10001	100	0	0	0	0
30019	单体攻击	40019	1	1	0	1	1	0	0	2	0	100	0	0	0	10001	100	0	0	0	0
30018	单体攻击	40018	1	1	0	1	1	0	0	2	0	100	0	0	0	10001	100	0	0	0	0
60018	随机两个个目标	50018	1	1	1	1	2	0	4	2	0	90	0	65	0	10001	100	0	0	0	0
60019	前排	50019	1	1	0	1	2	0	1	2	0	75	0	66	0	10001	100	0	0	0	0
60014	攻击后排	50014	1	1	0	1	2	0	5	2	0	75	0	61	0	10001	100	0	0	0	0
60015	攻击后排	50015	1	1	0	1	2	0	5	2	0	75	0	62	0	10001	100	0	0	0	0
60016	全体治疗+持续治疗Buff	50016	1	1	0	1	2	1	3	1	0	48	0	63	1000	10014	100	0	0	0	0
60017	竖排	50017	1	1	0	1	2	0	2	2	0	95	0	64	0	10001	100	0	0	0	0
60010	竖排控制	50010	1	1	0	1	2	0	2	2	0	76	0	57	700	10000	100	0	0	0	0
60011	单体攻击，给对方一个持续掉血的buff，给自己加一个吸血的buff	50011	1	1	1	1	2	0	0	2	0	96	0	58	1000	10038	100	10008	100	0	0
60012	单体攻击	50012	1	1	0	1	2	0	0	2	0	120	0	59	0	10001	100	0	0	0	0
60013	单体攻击	50013	1	1	0	1	2	0	0	2	0	120	0	60	0	10001	100	0	0	0	0
70011	单体攻击+概率眩晕	70011	1	1	0	1	1	0	0	2	0	100	0	0	100	10000	100	0	0	0	0
70010	单体攻击+概率眩晕	70010	1	1	0	1	1	0	0	2	0	100	0	0	100	10000	100	0	0	0	0
80106	外功防御	50000	6	10	2	1	2	11	8	1	0	0	2400	0	0	0	0	0	0	0	0
80107	外功防御	50000	7	10	2	1	2	11	8	1	0	0	2800	0	0	0	0	0	0	0	0
80101	外功防御	50000	1	10	2	1	2	11	8	1	0	0	400	0	0	0	0	0	0	0	0
80102	外功防御	50000	2	10	2	1	2	11	8	1	0	0	800	0	0	0	0	0	0	0	0
80103	外功防御	50000	3	10	2	1	2	11	8	1	0	0	1200	0	0	0	0	0	0	0	0
80108	外功防御	50000	8	10	2	1	2	11	8	1	0	0	3200	0	0	0	0	0	0	0	0
80109	外功防御	50000	9	10	2	1	2	11	8	1	0	0	3600	0	0	0	0	0	0	0	0
10010	全体攻击	10010	1	6	3	0	1	0	3	2	0	150	800	0	0	0	0	0	0	0	0
50039	单体攻击	40039	1	1	0	0	1	0	0	2	0	100	0	0	0	10001	100	0	0	0	0
50038	单体攻击	40038	1	1	0	0	1	0	0	2	0	100	0	0	0	10001	100	0	0	0	0
80527	内功抗性	50000	7	10	2	1	2	19	8	1	0	0	28	0	0	0	0	0	0	0	0
50031	单体攻击	40031	1	1	1	0	1	0	0	2	0	100	0	0	0	10001	100	0	0	0	0
50030	单体攻击	40030	1	1	1	0	1	0	0	2	0	100	0	0	0	10001	100	0	0	0	0
50033	单体加血	40033	1	1	0	0	1	1	6	1	0	90	0	0	0	10001	100	0	0	0	0
50032	单体攻击	40032	1	1	0	0	1	0	0	2	0	100	0	0	0	10001	100	0	0	0	0
50035	单体攻击	40035	1	1	0	0	1	0	0	2	0	100	0	0	0	10001	100	0	0	0	0
50034	单体攻击	40034	1	1	0	0	1	0	0	2	0	100	0	0	0	10001	100	0	0	0	0
50037	单体攻击	40037	1	1	0	0	1	0	0	2	0	100	0	0	0	10001	100	0	0	0	0
50036	单体攻击+概率眩晕	40036	1	1	1	0	1	0	0	2	0	100	0	0	100	10000	100	0	0	0	0
40179	竖排攻击+概率眩晕	60041	4	6	1	0	2	0	2	2	0	97	0	42	600	10000	100	0	0	0	0
40178	竖排	60040	4	6	0	0	2	0	2	2	0	109	0	41	0	10001	100	0	0	0	0
40175	单体攻击	60037	4	6	1	0	2	0	0	2	0	138	0	38	0	10001	100	0	0	0	0
40174	单体攻击	60036	4	6	0	0	2	0	0	2	0	138	0	37	0	10001	100	0	0	0	0
40177	前排	60039	4	6	0	0	2	0	1	2	0	86	0	40	0	10001	100	0	0	0	0
40176	单体治疗	60038	4	6	0	0	2	1	6	1	0	97	0	39	0	10001	100	0	0	0	0
40171	前排	60033	4	6	0	0	2	0	1	2	0	86	0	34	0	10001	100	0	0	0	0
40170	单体攻击	60032	4	6	0	0	2	0	0	2	0	143	0	33	0	10001	100	0	0	0	0
40173	后排控制	60035	4	6	0	0	2	0	5	2	0	77	0	36	650	10000	100	0	0	0	0
40172	单体攻击	60034	4	6	0	0	2	0	0	2	0	138	0	35	0	10001	100	0	0	0	0
40108	全体治疗+持续治疗Buff	60016	3	6	0	0	2	1	3	1	0	52	0	17	1000	10016	100	0	0	0	0
40109	竖排	60017	3	6	0	0	2	0	2	2	0	104	0	18	0	10001	100	0	0	0	0
80317	生命上限	50000	7	10	2	1	2	13	8	1	0	0	4200	0	0	0	0	0	0	0	0
80316	生命上限	50000	6	10	2	1	2	13	8	1	0	0	3600	0	0	0	0	0	0	0	0
80311	生命上限	50000	1	10	2	1	2	13	8	1	0	0	600	0	0	0	0	0	0	0	0
80310	生命上限	50000	10	10	2	1	2	13	8	1	0	0	4000	0	0	0	0	0	0	0	0
80313	生命上限	50000	3	10	2	1	2	13	8	1	0	0	1800	0	0	0	0	0	0	0	0
80312	生命上限	50000	2	10	2	1	2	13	8	1	0	0	1200	0	0	0	0	0	0	0	0
40100	单体	60008	3	6	0	0	2	0	0	2	0	132	0	9	0	10001	100	0	0	0	0
40101	单体	60009	3	6	1	0	2	0	0	2	0	132	0	10	0	10001	100	0	0	0	0
40102	竖排控制	60010	3	6	0	0	2	0	2	2	0	93	0	11	740	10000	100	0	0	0	0
40103	单体攻击，给对方一个持续掉血的buff，给自己加一个吸血的buff	60011	3	6	1	0	2	0	0	2	0	105	0	12	1000	10040	100	10010	100	0	0
40104	单体攻击	60012	3	6	0	0	2	0	0	2	0	132	0	13	0	10001	100	0	0	0	0
40105	单体攻击	60013	3	6	0	0	2	0	0	2	0	132	0	14	0	10001	100	0	0	0	0
40106	攻击后排	60014	3	6	0	0	2	0	5	2	0	82	0	15	0	10001	100	0	0	0	0
40107	攻击后排	60015	3	6	0	0	2	0	5	2	0	82	0	16	0	10001	100	0	0	0	0
40319	全体加血+全体加防	60046	5	6	0	0	2	1	3	1	0	72	0	0	1000	10062	100	0	0	0	0
40318	下次攻击必定暴击	60053	4	6	0	0	2	2	8	1	0	0	0	0	1000	10051	100	0	0	0	0
40311	全体加血+全体加防	60046	4	6	0	0	2	1	3	1	0	69	0	0	1000	10061	100	0	0	0	0
40310	下次攻击必定暴击	60053	3	6	0	0	2	2	8	1	0	0	0	0	1000	10051	100	0	0	0	0
40313	攻击前排	60048	4	6	0	0	2	0	1	2	0	84	0	0	0	10000	100	0	0	0	0
40312	单体+几率眩晕	60047	4	6	1	0	2	0	0	2	0	121	0	0	300	10000	100	0	0	0	0
40315	全体加血+护盾	60050	4	6	0	0	2	1	3	1	0	74	0	0	1000	10055	100	0	0	0	0
40314	随机攻击三个目标	60049	4	6	2	0	2	0	7	2	0	79	0	0	1000	10067	100	0	0	0	0
40317	后排	60052	4	6	1	0	2	0	5	2	0	84	0	0	0	10000	100	0	0	0	0
40316	随机三个目标	60051	4	6	0	0	2	0	7	2	0	79	0	0	0	10000	100	0	0	0	0
40089	单体攻击	60043	2	6	0	0	2	0	0	2	0	126	0	44	0	10001	100	0	0	0	0
40088	单体攻击+控制	60042	2	6	0	0	2	0	0	2	0	113	0	43	520	10000	100	0	0	0	0
40081	后排控制	60035	2	6	0	0	2	0	5	2	0	70	0	36	550	10000	100	0	0	0	0
40080	单体攻击	60034	2	6	0	0	2	0	0	2	0	126	0	35	0	10001	100	0	0	0	0
40083	单体攻击	60037	2	6	1	0	2	0	0	2	0	126	0	38	0	10001	100	0	0	0	0
40082	单体攻击	60036	2	6	0	0	2	0	0	2	0	126	0	37	0	10001	100	0	0	0	0
40085	前排	60039	2	6	0	0	2	0	1	2	0	78	0	40	0	10001	100	0	0	0	0
40084	单体治疗	60038	2	6	0	0	2	1	6	1	0	89	0	39	0	10001	100	0	0	0	0
40087	竖排攻击+概率眩晕	60041	2	6	1	0	2	0	2	2	0	89	0	42	500	10000	100	0	0	0	0
40086	竖排	60040	2	6	0	0	2	0	2	2	0	99	0	41	0	10001	100	0	0	0	0
20065	无攻击	30015	1	6	3	0	1	0	0	2	0	0	0	0	0	0	0	0	0	0	0
20064	无攻击	30014	1	6	3	0	1	0	0	2	0	0	0	0	0	0	0	0	0	0	0
20067	无攻击	30017	1	6	3	0	1	0	0	2	0	0	0	0	0	0	0	0	0	0	0
20066	无攻击	30016	1	6	3	0	1	0	0	2	0	0	0	0	0	0	0	0	0	0	0
20061	全体攻击	30005	1	6	3	0	1	0	3	2	0	0	9420	0	0	10001	100	0	0	0	0
20060	全体攻击	30004	1	6	3	0	1	0	3	2	0	0	9380	0	0	10001	100	0	0	0	0
20063	无攻击	30013	1	6	3	0	1	0	0	2	0	0	0	0	0	0	0	0	0	0	0
20062	无攻击	30012	1	6	3	0	1	0	0	2	0	0	0	0	0	0	0	0	0	0	0
80425	外功抗性	50000	5	10	2	1	2	18	8	1	0	0	20	0	0	0	0	0	0	0	0
20069	无攻击	30019	1	6	3	0	1	0	0	2	0	0	0	0	0	0	0	0	0	0	0
20068	无攻击	30018	1	6	3	0	1	0	0	2	0	0	0	0	0	0	0	0	0	0	0
40074	前排+眩晕	60028	2	6	0	0	2	0	1	2	0	73	0	29	350	10000	100	0	0	0	0
40075	竖排攻击+概率眩晕	60029	2	6	1	0	2	0	2	2	0	89	0	30	620	10000	100	0	0	0	0
40076	单体攻击，给自己加一个吸血的buff	60030	2	6	0	0	2	0	0	2	0	100	0	31	1000	10002	100	0	0	0	0
40077	后排三个目标	60031	2	6	1	0	2	0	5	2	0	78	0	32	0	10001	100	0	0	0	0
40070	闪避伤害+反伤	60024	2	6	1	0	2	2	8	1	0	0	0	25	1000	10045	100	0	0	0	0
40071	攻击后排	60025	2	6	0	0	2	0	5	2	0	78	0	26	0	10001	100	0	0	0	0
40072	随机两个目标	60026	2	6	0	0	2	0	4	2	0	93	0	27	0	10001	100	0	0	0	0
40073	攻击后排	60027	2	6	0	0	2	0	5	2	0	78	0	28	0	10001	100	0	0	0	0
40078	单体攻击	60032	2	6	0	0	2	0	0	2	0	131	0	33	0	10001	100	0	0	0	0
40079	前排	60033	2	6	0	0	2	0	1	2	0	78	0	34	0	10001	100	0	0	0	0
40225	竖排攻击+概率眩晕	60041	5	6	1	0	2	0	2	2	0	102	0	42	600	10000	100	0	0	0	0
40224	竖排	60040	5	6	0	0	2	0	2	2	0	114	0	41	0	10001	100	0	0	0	0
40227	单体攻击	60043	5	6	0	0	2	0	0	2	0	144	0	44	0	10001	100	0	0	0	0
40226	单体攻击+控制	60042	5	6	0	0	2	0	0	2	0	129	0	43	580	10000	100	0	0	0	0
40221	单体攻击	60037	5	6	1	0	2	0	0	2	0	144	0	38	0	10001	100	0	0	0	0
40220	单体攻击	60036	5	6	0	0	2	0	0	2	0	144	0	37	0	10001	100	0	0	0	0
40223	前排	60039	5	6	0	0	2	0	1	2	0	90	0	40	0	10001	100	0	0	0	0
40222	单体治疗	60038	5	6	0	0	2	1	6	1	0	102	0	39	0	10001	100	0	0	0	0
30051	单体加血	40040	1	1	0	1	1	1	6	1	0	100	0	0	0	10001	100	0	0	0	0
30050	单体攻击	40005	1	1	0	1	1	0	0	2	0	50	0	0	0	10001	100	0	0	0	0
30053	单体加血	40042	1	1	0	1	1	1	6	1	0	100	0	0	0	10001	100	0	0	0	0
30052	随机攻击两个目标	40041	1	1	1	1	1	0	4	2	0	90	0	0	0	10001	100	0	0	0	0
30055	下次攻击必定暴击	40044	1	1	0	1	1	2	8	1	0	0	0	0	1000	10051	100	0	0	0	0
30054	隐身	40043	1	1	0	1	1	2	8	1	0	0	0	0	1000	10050	100	0	0	0	0
30056	单体攻击	40045	1	1	0	1	1	0	0	2	0	100	0	0	0	10001	100	0	0	0	0
80221	内功防御	50000	1	10	2	1	2	12	8	1	0	0	800	0	0	0	0	0	0	0	0
80220	内功防御	50000	10	10	2	1	2	12	8	1	0	0	6000	0	0	0	0	0	0	0	0
80223	内功防御	50000	3	10	2	1	2	12	8	1	0	0	2400	0	0	0	0	0	0	0	0
80222	内功防御	50000	2	10	2	1	2	12	8	1	0	0	1600	0	0	0	0	0	0	0	0
80225	内功防御	50000	5	10	2	1	2	12	8	1	0	0	4000	0	0	0	0	0	0	0	0
80224	内功防御	50000	4	10	2	1	2	12	8	1	0	0	3200	0	0	0	0	0	0	0	0
80227	内功防御	50000	7	10	2	1	2	12	8	1	0	0	5600	0	0	0	0	0	0	0	0
80226	内功防御	50000	6	10	2	1	2	12	8	1	0	0	4800	0	0	0	0	0	0	0	0
80229	内功防御	50000	9	10	2	1	2	12	8	1	0	0	7200	0	0	0	0	0	0	0	0
80228	内功防御	50000	8	10	2	1	2	12	8	1	0	0	6400	0	0	0	0	0	0	0	0
40250	单体	60020	6	6	1	0	2	0	0	2	0	150	0	21	0	10001	100	0	0	0	0
40251	前排	60021	6	6	0	0	2	0	1	2	0	93	0	22	0	10001	100	0	0	0	0
40252	单体攻击	60022	6	6	0	0	2	0	0	2	0	150	0	23	0	10001	100	0	0	0	0
40253	前排三个 目标	60023	6	6	0	0	2	0	1	2	0	93	0	24	0	10001	100	0	0	0	0
40254	闪避伤害+反伤	60024	6	6	1	0	2	2	8	1	0	0	0	25	1000	10049	100	0	0	0	0
40255	攻击后排	60025	6	6	0	0	2	0	5	2	0	90	0	26	0	10001	100	0	0	0	0
40256	随机两个目标	60026	6	6	0	0	2	0	4	2	0	105	0	27	0	10001	100	0	0	0	0
40257	攻击后排	60027	6	6	0	0	2	0	5	2	0	93	0	28	0	10001	100	0	0	0	0
40258	前排+眩晕	60028	6	6	0	0	2	0	1	2	0	87	0	29	500	10000	100	0	0	0	0
40259	竖排攻击+概率眩晕	60029	6	6	1	0	2	0	2	2	0	106	0	30	700	10000	100	0	0	0	0
200000	闪避伤害+反伤	60024	1	6	1	0	2	2	8	1	0	0	0	25	1000	30001	100	0	0	0	0
200001	全体攻击（金）	50018	1	1	1	1	2	0	3	2	0	125	0	9	0	0	0	0	0	0	0
200002	全体攻击（火）	40027	1	1	1	1	2	0	3	2	0	125	0	0	0	0	0	0	0	0	0
80315	生命上限	50000	5	10	2	1	2	13	8	1	0	0	3000	0	0	0	0	0	0	0	0
200004	全体攻击（水）	60015	1	1	0	1	2	0	3	2	0	125	0	73	0	0	0	0	0	0	0
200005	全体攻击（土）	60009	1	1	1	1	2	0	3	2	0	125	0	10	0	0	0	0	0	0	0
60025	攻击后排	50025	1	1	0	1	2	0	5	2	0	75	0	72	0	10001	100	0	0	0	0
60024	不掉血并反击伤害	50024	1	1	1	1	2	2	8	1	0	0	0	71	1000	10044	100	0	0	0	0
60027	攻击后排	50027	1	1	0	1	2	0	5	2	0	75	0	74	0	10001	100	0	0	0	0
60026	随机两个目标	50026	1	1	0	1	2	0	4	2	0	90	0	73	0	10001	100	0	0	0	0
60021	前排	50021	1	1	0	1	2	0	1	2	0	75	0	68	0	10001	100	0	0	0	0
60020	单体	50020	1	1	1	1	2	0	0	2	0	120	0	67	0	10001	100	0	0	0	0
60023	前排三个 目标	50023	1	1	0	1	2	0	1	2	0	75	0	70	0	10001	100	0	0	0	0
60022	单体攻击	50022	1	1	0	1	2	0	0	2	0	120	0	69	0	10001	100	0	0	0	0
60029	竖排攻击+概率眩晕	50029	1	1	1	1	2	0	2	2	0	85	0	76	600	10000	100	0	0	0	0
60028	前排+眩晕	50028	1	1	0	1	2	0	1	2	0	70	0	75	350	10000	100	0	0	0	0
80314	生命上限	50000	4	10	2	1	2	13	8	1	0	0	2400	0	0	0	0	0	0	0	0
80030	攻击	50000	10	10	2	1	2	10	8	1	0	0	4000	0	0	0	0	0	0	0	0
80410	外功抗性	50000	10	10	2	1	2	18	8	1	0	0	20	0	0	0	0	0	0	0	0
80528	内功抗性	50000	8	10	2	1	2	19	8	1	0	0	32	0	0	0	0	0	0	0	0
80529	内功抗性	50000	9	10	2	1	2	19	8	1	0	0	36	0	0	0	0	0	0	0	0
80522	内功抗性	50000	2	10	2	1	2	19	8	1	0	0	8	0	0	0	0	0	0	0	0
80523	内功抗性	50000	3	10	2	1	2	19	8	1	0	0	12	0	0	0	0	0	0	0	0
80520	内功抗性	50000	10	10	2	1	2	19	8	1	0	0	30	0	0	0	0	0	0	0	0
80521	内功抗性	50000	1	10	2	1	2	19	8	1	0	0	4	0	0	0	0	0	0	0	0
80526	内功抗性	50000	6	10	2	1	2	19	8	1	0	0	24	0	0	0	0	0	0	0	0
80130	外功防御	50000	10	10	2	1	2	11	8	1	0	0	8000	0	0	0	0	0	0	0	0
80524	内功抗性	50000	4	10	2	1	2	19	8	1	0	0	16	0	0	0	0	0	0	0	0
80525	内功抗性	50000	5	10	2	1	2	19	8	1	0	0	20	0	0	0	0	0	0	0	0
80409	外功抗性	50000	9	10	2	1	2	18	8	1	0	0	18	0	0	0	0	0	0	0	0
80408	外功抗性	50000	8	10	2	1	2	18	8	1	0	0	16	0	0	0	0	0	0	0	0
80430	外功抗性	50000	10	10	2	1	2	18	8	1	0	0	40	0	0	0	0	0	0	0	0
40049	单体攻击	60003	2	6	0	0	2	0	0	2	0	126	0	4	0	10001	100	0	0	0	0
40048	前排	60002	2	6	0	0	2	0	1	2	0	78	0	3	0	10001	100	0	0	0	0
40045	单体攻击	60045	1	6	0	0	2	0	0	2	0	120	0	46	0	10001	100	0	0	0	0
40044	单体攻击+概率眩晕	60044	1	6	1	0	2	0	0	2	0	108	0	45	350	10000	100	0	0	0	0
40047	单体攻击+概率控制+概率中毒	60001	2	6	2	0	2	0	0	2	0	113	0	2	520	10027	100	10001	100	0	0
40046	全体加血	60000	2	6	0	0	2	1	3	1	0	63	0	1	0	10001	100	0	0	0	0
40041	竖排攻击+概率眩晕	60041	1	6	1	0	2	0	2	2	0	85	0	42	450	10000	100	0	0	0	0
40040	竖排	60040	1	6	0	0	2	0	2	2	0	95	0	41	0	10001	100	0	0	0	0
40043	单体攻击	60043	1	6	0	0	2	0	0	2	0	120	0	44	0	10001	100	0	0	0	0
40042	单体攻击+控制	60042	1	6	0	0	2	0	0	2	0	108	0	43	500	10000	100	0	0	0	0
80401	外功抗性	50000	1	10	2	1	2	18	8	1	0	0	2	0	0	0	0	0	0	0	0
80403	外功抗性	50000	3	10	2	1	2	18	8	1	0	0	6	0	0	0	0	0	0	0	0
50005	单体攻击	40005	1	1	0	0	1	0	0	2	0	100	0	0	0	10001	100	0	0	0	0
80402	外功抗性	50000	2	10	2	1	2	18	8	1	0	0	4	0	0	0	0	0	0	0	0
80405	外功抗性	50000	5	10	2	1	2	18	8	1	0	0	10	0	0	0	0	0	0	0	0
80404	外功抗性	50000	4	10	2	1	2	18	8	1	0	0	8	0	0	0	0	0	0	0	0
40038	单体治疗	60038	1	6	0	0	2	1	6	1	0	85	0	39	0	10001	100	0	0	0	0
40039	前排	60039	1	6	0	0	2	0	1	2	0	75	0	40	0	10001	100	0	0	0	0
40133	竖排攻击+概率眩晕	60041	3	6	1	0	2	0	2	2	0	93	0	42	550	10000	100	0	0	0	0
40132	竖排	60040	3	6	0	0	2	0	2	2	0	104	0	41	0	10001	100	0	0	0	0
40135	单体攻击	60043	3	6	0	0	2	0	0	2	0	132	0	44	0	10001	100	0	0	0	0
40134	单体攻击+控制	60042	3	6	0	0	2	0	0	2	0	118	0	43	540	10000	100	0	0	0	0
40137	单体攻击	60045	3	6	0	0	2	0	0	2	0	132	0	46	0	10001	100	0	0	0	0
40136	单体攻击+概率眩晕	60044	3	6	1	0	2	0	0	2	0	118	0	45	450	10000	100	0	0	0	0
40139	单体攻击+概率控制+概率中毒	60001	4	6	2	0	2	0	0	2	0	124	0	2	560	10029	100	10001	100	0	0
40031	后排三个目标	60031	1	6	1	0	2	0	5	2	0	75	0	32	0	10001	100	0	0	0	0
40032	单体攻击	60032	1	6	0	0	2	0	0	2	0	125	0	33	0	10001	100	0	0	0	0
40033	前排	60033	1	6	0	0	2	0	1	2	0	75	0	34	0	10001	100	0	0	0	0
40034	单体攻击	60034	1	6	0	0	2	0	0	2	0	120	0	35	0	10001	100	0	0	0	0
40035	后排控制	60035	1	6	0	0	2	0	5	2	0	67	0	36	500	10000	100	0	0	0	0
40036	单体攻击	60036	1	6	0	0	2	0	0	2	0	120	0	37	0	10001	100	0	0	0	0
40037	单体攻击	60037	1	6	1	0	2	0	0	2	0	120	0	38	0	10001	100	0	0	0	0
40269	前排	60039	6	6	0	0	2	0	1	2	0	93	0	40	0	10001	100	0	0	0	0
40268	单体治疗	60038	6	6	0	0	2	1	6	1	0	106	0	39	0	10001	100	0	0	0	0
40261	后排三个目标	60031	6	6	1	0	2	0	5	2	0	93	0	32	0	10001	100	0	0	0	0
40260	单体攻击，给自己加一个吸血的buff	60030	6	6	0	0	2	0	0	2	0	120	0	31	1000	10002	100	0	0	0	0
40263	前排	60033	6	6	0	0	2	0	1	2	0	93	0	34	0	10001	100	0	0	0	0
40262	单体攻击	60032	6	6	0	0	2	0	0	2	0	156	0	33	0	10001	100	0	0	0	0
40265	后排控制	60035	6	6	0	0	2	0	5	2	0	83	0	36	750	10000	100	0	0	0	0
40264	单体攻击	60034	6	6	0	0	2	0	0	2	0	150	0	35	0	10001	100	0	0	0	0
40267	单体攻击	60037	6	6	1	0	2	0	0	2	0	150	0	38	0	10001	100	0	0	0	0
40266	单体攻击	60036	6	6	0	0	2	0	0	2	0	150	0	37	0	10001	100	0	0	0	0
40294	下次攻击必定暴击	60053	1	6	0	0	2	2	8	1	0	0	0	0	1000	10051	100	0	0	0	0
40295	全体加血+全体加防	60046	2	6	0	0	2	1	3	1	0	63	0	0	1000	10059	100	0	0	0	0
40296	单体+几率眩晕	60047	2	6	1	0	2	0	0	2	0	113	0	0	300	10000	100	0	0	0	0
40297	攻击前排	60048	2	6	0	0	2	0	1	2	0	78	0	0	0	10000	100	0	0	0	0
40290	随机攻击三个目标	60049	1	6	2	0	2	0	7	2	0	70	0	0	1000	10064	100	0	0	0	0
40291	全体加血+护盾	60050	1	6	0	0	2	1	3	1	0	65	0	0	1000	10052	100	0	0	0	0
40292	随机三个目标	60051	1	6	0	0	2	0	7	2	0	70	0	0	0	10000	100	0	0	0	0
40293	后排	60052	1	6	1	0	2	0	5	2	0	75	0	0	0	10000	100	0	0	0	0
40298	随机攻击三个目标	60049	2	6	2	0	2	0	7	2	0	73	0	0	1000	10065	100	0	0	0	0
40299	全体加血+护盾	60050	2	6	0	0	2	1	3	1	0	68	0	0	1000	10053	100	0	0	0	0
30006	单体攻击	40006	1	1	1	1	1	0	0	2	0	100	0	0	0	10001	100	0	0	0	0
30007	单体攻击	40007	1	1	0	1	1	0	0	2	0	100	0	0	0	10001	100	0	0	0	0
30004	单体攻击	40004	1	1	1	1	1	0	0	2	0	100	0	0	0	10001	100	0	0	0	0
30005	单体攻击	40005	1	1	0	1	1	0	0	2	0	100	0	0	0	10001	100	0	0	0	0
30002	单体攻击	40002	1	1	0	1	1	0	0	2	0	100	0	0	0	10001	100	0	0	0	0
30003	单体攻击	40003	1	1	0	1	1	0	0	2	0	100	0	0	0	10001	100	0	0	0	0
30000	单体加血	40000	1	1	0	1	1	1	6	1	0	90	0	0	0	10001	100	0	0	0	0
30001	单体攻击	40001	1	1	0	1	1	0	0	2	0	100	0	0	0	10001	100	0	0	0	0
30008	单体攻击	40008	1	1	0	1	1	0	0	2	0	100	0	0	0	10001	100	0	0	0	0
30009	单体攻击	40009	1	1	0	1	1	0	0	2	0	100	0	0	0	10001	100	0	0	0	0
80530	内功抗性	50000	10	10	2	1	2	19	8	1	0	0	40	0	0	0	0	0	0	0	0
70002	前排三个 目标	70002	1	1	0	0	2	0	1	2	0	75	0	95	0	0	0	0	0	0	0
70003	后排三个目标	70003	1	1	0	0	2	0	5	2	0	107	0	96	0	0	0	0	0	0	0
70000	前排三个 目标	70000	1	1	0	0	2	0	1	2	0	75	0	93	0	0	0	0	0	0	0
70001	前排三个 目标	70001	1	1	0	0	2	0	1	2	0	75	0	94	0	0	0	0	0	0	0
70006	单体攻击+概率眩晕	70006	1	1	0	1	1	0	0	2	0	100	0	0	100	10000	100	0	0	0	0
70007	单体攻击+概率眩晕	70007	1	1	0	1	1	0	0	2	0	100	0	0	100	10000	100	0	0	0	0
70004	后排三个目标	70004	1	1	1	0	2	0	5	2	0	172	0	97	0	0	0	0	0	0	0
70005	后排三个目标	70005	1	1	0	0	2	0	5	2	0	107	0	98	0	0	0	0	0	0	0
70008	单体攻击+概率眩晕	70008	1	1	0	1	1	0	0	2	0	100	0	0	100	10000	100	0	0	0	0
70009	单体攻击+概率眩晕	70009	1	1	0	1	1	0	0	2	0	100	0	0	100	10000	100	0	0	0	0
10004	单体眩晕	10004	1	6	1	1	3	0	0	2	0	0	0	0	1000	10000	100	0	0	0	0
10005	单体攻击	10005	1	6	0	0	3	0	0	2	0	100	200	0	0	0	0	0	0	0	0
10006	单体攻击	10006	1	6	1	0	1	0	0	2	0	80	100	0	0	0	0	0	0	0	0
10007	竖排攻击	10007	1	6	1	1	3	0	2	2	0	100	200	0	0	0	0	0	0	0	0
10000	单体攻击	10003	1	6	0	0	1	0	0	2	0	80	100	0	0	0	0	0	0	0	0
10001	单体加血	10000	1	6	0	0	1	1	6	1	0	80	100	0	0	0	0	0	0	0	0
10002	全体加血	10001	1	6	0	2	3	1	3	1	0	100	200	0	0	0	0	0	0	0	0
10003	后排攻击	10002	1	6	1	1	3	0	5	2	0	100	200	0	0	0	0	0	0	0	0
10008	单体攻击	10008	1	6	2	0	1	0	0	2	0	80	100	0	0	0	0	0	0	0	0
40234	单体攻击+概率眩晕	60004	6	6	1	0	2	0	0	2	0	135	0	5	600	10001	100	0	0	0	0
80329	生命上限	50000	9	10	2	1	2	13	8	1	0	0	7200	0	0	0	0	0	0	0	0
40235	单体眩晕	60005	6	6	1	0	2	0	0	2	0	135	0	6	750	10000	100	0	0	0	0
40131	前排	60039	3	6	0	0	2	0	1	2	0	82	0	40	0	10001	100	0	0	0	0
40130	单体治疗	60038	3	6	0	0	2	1	6	1	0	93	0	39	0	10001	100	0	0	0	0
50028	单体攻击	40028	1	1	1	0	1	0	0	2	0	100	0	0	0	10001	100	0	0	0	0
50029	单体攻击	40029	1	1	0	0	1	0	0	2	0	100	0	0	0	10001	100	0	0	0	0
80009	攻击	50000	9	10	2	1	2	10	8	1	0	0	1800	0	0	0	0	0	0	0	0
80008	攻击	50000	8	10	2	1	2	10	8	1	0	0	1600	0	0	0	0	0	0	0	0
50022	单体攻击+概率控制	40022	1	1	1	0	1	0	0	2	0	100	0	0	100	10000	100	0	0	0	0
50023	单体攻击	40023	1	1	0	0	1	0	0	2	0	100	0	0	0	10001	100	0	0	0	0
50020	单体攻击	40020	1	1	1	0	1	0	0	2	0	100	0	0	0	10001	100	0	0	0	0
50021	单体攻击	40021	1	1	0	0	1	0	0	2	0	100	0	0	0	10001	100	0	0	0	0
50026	单体攻击+概率控制	40026	1	1	1	0	1	0	0	2	0	100	0	0	100	10000	100	0	0	0	0
50027	单体攻击	40027	1	1	1	0	1	0	7	2	0	70	0	0	0	10001	100	0	0	0	0
50024	单体攻击	40024	1	1	0	0	1	0	0	2	0	100	0	0	0	10001	100	0	0	0	0
50025	单体攻击	40025	1	1	0	0	1	0	0	2	0	100	0	0	0	10001	100	0	0	0	0
40168	单体攻击，给自己加一个吸血的buff	60030	4	6	0	0	2	0	0	2	0	110	0	31	1000	10002	100	0	0	0	0
40169	后排三个目标	60031	4	6	1	0	2	0	5	2	0	86	0	32	0	10001	100	0	0	0	0
40166	前排+眩晕	60028	4	6	0	0	2	0	1	2	0	80	0	29	400	10000	100	0	0	0	0
40167	竖排攻击+概率眩晕	60029	4	6	1	0	2	0	2	2	0	97	0	30	660	10000	100	0	0	0	0
40164	随机两个目标	60026	4	6	0	0	2	0	4	2	0	99	0	27	0	10001	100	0	0	0	0
40165	攻击后排	60027	4	6	0	0	2	0	5	2	0	86	0	28	0	10001	100	0	0	0	0
40162	闪避伤害+反伤	60024	4	6	1	0	2	2	8	1	0	0	0	25	1000	10047	100	0	0	0	0
40163	攻击后排	60025	4	6	0	0	2	0	5	2	0	84	0	26	0	10001	100	0	0	0	0
40160	单体攻击	60022	4	6	0	0	2	0	0	2	0	138	0	23	0	10001	100	0	0	0	0
40161	前排三个 目标	60023	4	6	0	0	2	0	1	2	0	86	0	24	0	10001	100	0	0	0	0
40030	单体攻击，给自己加一个吸血的buff	60030	1	6	0	0	2	0	0	2	0	96	0	31	1000	10002	100	0	0	0	0
40238	单体	60008	6	6	0	0	2	0	0	2	0	150	0	9	0	10001	100	0	0	0	0
40138	全体加血	60000	4	6	0	0	2	1	3	1	0	69	0	1	0	10001	100	0	0	0	0
40239	单体	60009	6	6	1	0	2	0	0	2	0	150	0	10	0	10001	100	0	0	0	0
80306	生命上限	50000	6	10	2	1	2	13	8	1	0	0	2400	0	0	0	0	0	0	0	0
80307	生命上限	50000	7	10	2	1	2	13	8	1	0	0	2800	0	0	0	0	0	0	0	0
80304	生命上限	50000	4	10	2	1	2	13	8	1	0	0	1600	0	0	0	0	0	0	0	0
80305	生命上限	50000	5	10	2	1	2	13	8	1	0	0	2000	0	0	0	0	0	0	0	0
80302	生命上限	50000	2	10	2	1	2	13	8	1	0	0	800	0	0	0	0	0	0	0	0
80303	生命上限	50000	3	10	2	1	2	13	8	1	0	0	1200	0	0	0	0	0	0	0	0
80301	生命上限	50000	1	10	2	1	2	13	8	1	0	0	400	0	0	0	0	0	0	0	0
80308	生命上限	50000	8	10	2	1	2	13	8	1	0	0	3200	0	0	0	0	0	0	0	0
80309	生命上限	50000	9	10	2	1	2	13	8	1	0	0	3600	0	0	0	0	0	0	0	0
40308	随机三个目标	60051	3	6	0	0	2	0	7	2	0	76	0	0	0	10000	100	0	0	0	0
40309	后排	60052	3	6	1	0	2	0	5	2	0	81	0	0	0	10000	100	0	0	0	0
40302	下次攻击必定暴击	60053	2	6	0	0	2	2	8	1	0	0	0	0	1000	10051	100	0	0	0	0
40303	全体加血+全体加防	60046	3	6	0	0	2	1	3	1	0	66	0	0	1000	10060	100	0	0	0	0
40300	随机三个目标	60051	2	6	0	0	2	0	7	2	0	73	0	0	0	10000	100	0	0	0	0
40301	后排	60052	2	6	1	0	2	0	5	2	0	78	0	0	0	10000	100	0	0	0	0
40306	随机攻击三个目标	60049	3	6	2	0	2	0	7	2	0	76	0	0	1000	10066	100	0	0	0	0
40307	全体加血+护盾	60050	3	6	0	0	2	1	3	1	0	71	0	0	1000	10054	100	0	0	0	0
40304	单体+几率眩晕	60047	3	6	1	0	2	0	0	2	0	118	0	0	300	10000	100	0	0	0	0
40305	攻击前排	60048	3	6	0	0	2	0	1	2	0	81	0	0	0	10000	100	0	0	0	0
40098	竖排DOT	60006	3	6	1	0	2	0	2	2	0	83	0	7	1000	10034	100	0	0	0	0
40099	随机攻击两个目标+几率眩晕	60007	3	6	1	0	2	0	4	2	0	88	0	8	350	10000	100	0	0	0	0
40092	全体加血	60000	3	6	0	0	2	1	3	1	0	66	0	1	0	10001	100	0	0	0	0
40093	单体攻击+概率控制+概率中毒	60001	3	6	2	0	2	0	0	2	0	118	0	2	540	10028	100	10001	100	0	0
40090	单体攻击+概率眩晕	60044	2	6	1	0	2	0	0	2	0	113	0	45	400	10000	100	0	0	0	0
40091	单体攻击	60045	2	6	0	0	2	0	0	2	0	126	0	46	0	10001	100	0	0	0	0
40096	单体攻击+概率眩晕	60004	3	6	1	0	2	0	0	2	0	118	0	5	540	10001	100	0	0	0	0
40097	单体眩晕	60005	3	6	1	0	2	0	0	2	0	118	0	6	690	10000	100	0	0	0	0
40094	前排	60002	3	6	0	0	2	0	1	2	0	81	0	3	0	10001	100	0	0	0	0
40095	单体攻击	60003	3	6	0	0	2	0	0	2	0	132	0	4	0	10001	100	0	0	0	0
20076	无攻击	30023	1	6	3	0	1	0	5	2	0	105	0	0	1000	10000	100	0	0	0	0
20077	全体增加护盾	30024	1	6	3	0	1	2	3	1	0	100	0	0	1000	20000	100	0	0	0	0
20074	全体攻击	30022	1	6	3	0	1	0	3	2	0	105	0	0	0	0	0	0	0	0	0
20075	控制后排3个目标1回合	30011	1	6	3	0	1	0	5	2	0	105	0	0	1000	10000	100	0	0	0	0
20072	全体攻击	30010	1	6	3	0	1	0	3	2	0	105	0	0	0	0	0	0	0	0	0
20073	全体攻击	30021	1	6	3	1	1	0	0	2	0	125	0	0	0	10000	100	0	0	0	0
20070	无攻击	30020	1	6	3	0	1	0	0	2	0	0	0	0	0	0	0	0	0	0	0
20071	全体攻击	30009	1	6	3	1	1	0	0	2	0	125	0	0	0	10000	100	0	0	0	0
20078	无攻击	30025	1	6	3	0	1	2	3	1	0	100	0	0	0	0	0	0	0	0	0
40001	单体攻击+概率控制+概率中毒	60001	1	6	2	0	2	0	0	2	0	108	0	2	500	10026	100	10001	100	0	0
40000	全体加血	60000	1	6	0	0	2	1	3	1	0	60	0	1	0	10001	100	0	0	0	0
40003	单体攻击	60003	1	6	0	0	2	0	0	2	0	120	0	4	0	10001	100	0	0	0	0
40002	前排	60002	1	6	0	0	2	0	1	2	0	75	0	3	0	10001	100	0	0	0	0
40005	单体眩晕	60005	1	6	1	0	2	0	0	2	0	108	0	6	650	10000	100	0	0	0	0
40004	单体攻击+概率眩晕	60004	1	6	2	0	2	0	0	2	0	108	0	5	500	10001	100	0	0	0	0
40007	随机攻击两个目标+几率眩晕	60007	1	6	1	0	2	0	4	2	0	80	0	8	300	10000	100	0	0	0	0
40006	竖排DOT	60006	1	6	1	0	2	0	2	2	0	76	0	7	1000	10032	100	0	0	0	0
40009	单体	60009	1	6	1	0	2	0	0	2	0	120	0	10	0	10001	100	0	0	0	0
40008	单体	60008	1	6	0	0	2	0	0	2	0	120	0	9	0	10001	100	0	0	0	0
40236	竖排DOT	60006	6	6	1	0	2	0	2	2	0	95	0	7	1000	10037	100	0	0	0	0
40237	随机攻击两个目标+几率眩晕	60007	6	6	1	0	2	0	4	2	0	97	0	8	500	10000	100	0	0	0	0
30048	单体加血	40000	1	1	0	1	1	1	6	1	0	25	0	0	0	10001	100	0	0	0	0
30049	单体攻击	40029	1	1	0	1	1	0	0	2	0	50	0	0	0	10001	100	0	0	0	0
40232	前排	60002	6	6	0	0	2	0	1	2	0	90	0	3	0	10001	100	0	0	0	0
40233	单体攻击	60003	6	6	0	0	2	0	0	2	0	150	0	4	0	10001	100	0	0	0	0
40230	全体加血	60000	6	6	0	0	2	1	3	1	0	75	0	1	0	10001	100	0	0	0	0
40231	单体攻击+概率控制+概率中毒	60001	6	6	2	0	2	0	0	2	0	135	0	2	600	10031	100	10001	100	0	0
30042	单体攻击	40025	1	1	0	1	1	0	0	2	0	50	0	0	0	10001	100	0	0	0	0
30043	单体攻击	40027	1	1	1	1	1	0	0	2	0	50	0	0	0	10001	100	0	0	0	0
30040	单体攻击	40013	1	1	0	1	1	0	0	2	0	50	0	0	0	10001	100	0	0	0	0
30041	单体攻击	40010	1	1	0	1	1	0	0	2	0	50	0	0	0	10001	100	0	0	0	0
30046	单体攻击	40020	1	1	1	1	1	0	0	2	0	50	0	0	0	10001	100	0	0	0	0
30047	单体攻击	40014	1	1	0	1	1	0	0	2	0	50	0	0	0	10001	100	0	0	0	0
30044	单体攻击	40038	1	1	0	1	1	0	0	2	0	50	0	0	0	10001	100	0	0	0	0
30045	单体攻击+概率控制	40026	1	1	1	1	1	0	0	2	0	50	0	0	0	10000	100	0	0	0	0
80230	内功防御	50000	10	10	2	1	2	12	8	1	0	0	8000	0	0	0	0	0	0	0	0
80319	生命上限	50000	9	10	2	1	2	13	8	1	0	0	5400	0	0	0	0	0	0	0	0
80318	生命上限	50000	8	10	2	1	2	13	8	1	0	0	4800	0	0	0	0	0	0	0	0
60036	单体攻击	50036	1	1	0	1	2	0	0	2	0	120	0	83	0	10001	100	0	0	0	0
60037	单体攻击	50037	1	1	1	1	2	0	0	2	0	120	0	84	0	10001	100	0	0	0	0
60034	单体攻击	50034	1	1	0	1	2	0	0	2	0	120	0	81	0	10001	100	0	0	0	0
60035	后排控制	50035	1	1	0	1	2	0	5	2	0	60	0	82	500	10000	100	0	0	0	0
60032	单体攻击	50032	1	1	0	1	2	0	0	2	0	125	0	79	0	10001	100	0	0	0	0
60033	前排	50033	1	1	0	1	2	0	1	2	0	75	0	80	0	10001	100	0	0	0	0
60030	单体攻击，给自己加一个吸血的buff	50030	1	1	0	1	2	0	0	2	0	96	0	77	1000	10002	100	0	0	0	0
60031	后排三个目标	50031	1	1	1	1	2	0	5	2	0	75	0	78	0	10001	100	0	0	0	0
60038	单体治疗	50038	1	1	0	1	2	1	6	1	0	85	0	85	0	10001	100	0	0	0	0
60039	前排	50039	1	1	0	1	2	0	1	2	0	75	0	86	0	10001	100	0	0	0	0
80517	内功抗性	50000	7	10	2	1	2	19	8	1	0	0	21	0	0	0	0	0	0	0	0
80516	内功抗性	50000	6	10	2	1	2	19	8	1	0	0	18	0	0	0	0	0	0	0	0
80515	内功抗性	50000	5	10	2	1	2	19	8	1	0	0	15	0	0	0	0	0	0	0	0
80514	内功抗性	50000	4	10	2	1	2	19	8	1	0	0	12	0	0	0	0	0	0	0	0
80513	内功抗性	50000	3	10	2	1	2	19	8	1	0	0	9	0	0	0	0	0	0	0	0
80512	内功抗性	50000	2	10	2	1	2	19	8	1	0	0	6	0	0	0	0	0	0	0	0
80511	内功抗性	50000	1	10	2	1	2	19	8	1	0	0	3	0	0	0	0	0	0	0	0
80510	内功抗性	50000	10	10	2	1	2	19	8	1	0	0	20	0	0	0	0	0	0	0	0
80519	内功抗性	50000	9	10	2	1	2	19	8	1	0	0	27	0	0	0	0	0	0	0	0
80518	内功抗性	50000	8	10	2	1	2	19	8	1	0	0	24	0	0	0	0	0	0	0	0
80128	外功防御	50000	8	10	2	1	2	11	8	1	0	0	6400	0	0	0	0	0	0	0	0
80129	外功防御	50000	9	10	2	1	2	11	8	1	0	0	7200	0	0	0	0	0	0	0	0
80126	外功防御	50000	6	10	2	1	2	11	8	1	0	0	4800	0	0	0	0	0	0	0	0
80127	外功防御	50000	7	10	2	1	2	11	8	1	0	0	5600	0	0	0	0	0	0	0	0
80124	外功防御	50000	4	10	2	1	2	11	8	1	0	0	3200	0	0	0	0	0	0	0	0
80125	外功防御	50000	5	10	2	1	2	11	8	1	0	0	4000	0	0	0	0	0	0	0	0
80122	外功防御	50000	2	10	2	1	2	11	8	1	0	0	1600	0	0	0	0	0	0	0	0
80123	外功防御	50000	3	10	2	1	2	11	8	1	0	0	2400	0	0	0	0	0	0	0	0
80120	外功防御	50000	10	10	2	1	2	11	8	1	0	0	6000	0	0	0	0	0	0	0	0
80121	外功防御	50000	1	10	2	1	2	11	8	1	0	0	800	0	0	0	0	0	0	0	0
80327	生命上限	50000	7	10	2	1	2	13	8	1	0	0	5600	0	0	0	0	0	0	0	0
50053	单体加血	40042	1	1	0	0	1	1	6	1	0	100	0	0	0	10001	100	0	0	0	0
50052	随机攻击两个目标	40041	1	1	1	0	1	0	2	2	0	90	0	0	0	10001	100	0	0	0	0
50051	单体加血	40040	1	1	0	0	1	1	6	1	0	100	0	0	0	10001	100	0	0	0	0
50050	单体攻击	40005	1	1	0	0	1	0	0	2	0	50	0	0	0	10001	100	0	0	0	0
50056	单体攻击	40045	1	1	0	0	1	0	0	2	0	100	0	0	0	10001	100	0	0	0	0
50055	下次攻击必定暴击	40044	1	1	0	0	1	2	8	1	0	0	0	0	1000	10051	100	0	0	0	0
50054	隐身	40043	1	1	0	0	1	2	8	1	0	0	0	0	1000	10050	100	0	0	0	0
40197	单体攻击	60013	5	6	0	0	2	0	0	2	0	144	0	14	0	10001	100	0	0	0	0
40196	单体攻击	60012	5	6	0	0	2	0	0	2	0	144	0	13	0	10001	100	0	0	0	0
40195	单体攻击，给对方一个持续掉血的buff，给自己加一个吸血的buff	60011	5	6	1	0	2	0	0	2	0	115	0	12	1000	10042	100	10012	100	0	0
40194	竖排控制	60010	5	6	0	0	2	0	2	2	0	102	0	11	780	10000	100	0	0	0	0
40193	单体	60009	5	6	1	0	2	0	0	2	0	144	0	10	0	10001	100	0	0	0	0
40192	单体	60008	5	6	0	0	2	0	0	2	0	144	0	9	0	10001	100	0	0	0	0
40058	单体攻击	60012	2	6	0	0	2	0	0	2	0	126	0	13	0	10001	100	0	0	0	0
40059	单体攻击	60013	2	6	0	0	2	0	0	2	0	126	0	14	0	10001	100	0	0	0	0
40056	竖排控制	60010	2	6	0	0	2	0	2	2	0	89	0	11	720	10000	100	0	0	0	0
40057	单体攻击，给对方一个持续掉血的buff，给自己加一个吸血的buff	60011	2	6	1	0	2	0	0	2	0	100	0	12	1000	10039	100	10009	100	0	0
40054	单体	60008	2	6	0	0	2	0	0	2	0	126	0	9	0	10001	100	0	0	0	0
40055	单体	60009	2	6	1	0	2	0	0	2	0	126	0	10	0	10001	100	0	0	0	0
40052	竖排DOT	60006	2	6	1	0	2	0	2	2	0	79	0	7	1000	10033	100	0	0	0	0
40053	随机攻击两个目标+几率眩晕	60007	2	6	1	0	2	0	4	2	0	84	0	8	350	10000	100	0	0	0	0
40199	攻击后排	60015	5	6	0	0	2	0	5	2	0	90	0	16	0	10001	100	0	0	0	0
40198	攻击后排	60014	5	6	0	0	2	0	5	2	0	90	0	15	0	10001	100	0	0	0	0
40122	单体攻击，给自己加一个吸血的buff	60030	3	6	0	0	2	0	0	2	0	105	0	31	1000	10002	100	0	0	0	0
40123	后排三个目标	60031	3	6	1	0	2	0	5	2	0	82	0	32	0	10001	100	0	0	0	0
40120	前排+眩晕	60028	3	6	0	0	2	0	1	2	0	77	0	29	350	10000	100	0	0	0	0
40121	竖排攻击+概率眩晕	60029	3	6	1	0	2	0	2	2	0	93	0	30	640	10000	100	0	0	0	0
40126	单体攻击	60034	3	6	0	0	2	0	0	2	0	132	0	35	0	10001	100	0	0	0	0
40127	后排控制	60035	3	6	0	0	2	0	5	2	0	73	0	36	600	10000	100	0	0	0	0
40124	单体攻击	60032	3	6	0	0	2	0	0	2	0	137	0	33	0	10001	100	0	0	0	0
40125	前排	60033	3	6	0	0	2	0	1	2	0	82	0	34	0	10001	100	0	0	0	0
40128	单体攻击	60036	3	6	0	0	2	0	0	2	0	132	0	37	0	10001	100	0	0	0	0
40129	单体攻击	60037	3	6	1	0	2	0	0	2	0	132	0	38	0	10001	100	0	0	0	0
80427	外功抗性	50000	7	10	2	1	2	18	8	1	0	0	28	0	0	0	0	0	0	0	0
40278	单体攻击+概括控制	50028	1	6	0	1	3	0	0	2	0	75	0	0	0	10000	100	0	0	0	0
40279	单体攻击，给自己加一个吸血的buff	50030	1	6	0	2	4	0	0	2	0	75	0	0	0	10002	100	0	0	0	0
80426	外功抗性	50000	6	10	2	1	2	18	8	1	0	0	24	0	0	0	0	0	0	0	0
40272	单体攻击+控制	60042	6	6	0	0	2	0	0	2	0	135	0	43	600	10000	100	0	0	0	0
40273	单体攻击	60043	6	6	0	0	2	0	0	2	0	150	0	44	0	10001	100	0	0	0	0
40270	竖排	60040	6	6	0	0	2	0	2	2	0	118	0	41	0	10001	100	0	0	0	0
40271	竖排攻击+概率眩晕	60041	6	6	1	0	2	0	2	2	0	106	0	42	600	10000	100	0	0	0	0
40276	单体攻击	50014	1	6	0	2	2	0	0	2	0	75	0	0	0	10001	100	0	0	0	0
40277	单体攻击，给对方一个持续掉血的buff，给自己加一个吸血的buff	50011	1	6	1	2	4	0	0	2	0	75	0	0	0	10038	100	10008	100	0	0
40274	单体攻击+概率眩晕	60044	6	6	1	0	2	0	0	2	0	135	0	45	500	10000	100	0	0	0	0
40275	单体攻击	60045	6	6	0	0	2	0	0	2	0	150	0	46	0	10001	100	0	0	0	0
80424	外功抗性	50000	4	10	2	1	2	18	8	1	0	0	16	0	0	0	0	0	0	0	0
80423	外功抗性	50000	3	10	2	1	2	18	8	1	0	0	12	0	0	0	0	0	0	0	0
80422	外功抗性	50000	2	10	2	1	2	18	8	1	0	0	8	0	0	0	0	0	0	0	0
80421	外功抗性	50000	1	10	2	1	2	18	8	1	0	0	4	0	0	0	0	0	0	0	0
80420	外功抗性	50000	10	10	2	1	2	18	8	1	0	0	30	0	0	0	0	0	0	0	0
30033	单体加血	40033	1	1	0	1	1	1	6	1	0	90	0	0	0	10001	100	0	0	0	0
30032	单体攻击	40032	1	1	0	1	1	0	0	2	0	100	0	0	0	10001	100	0	0	0	0
30031	单体攻击	40031	1	1	1	1	1	0	0	2	0	100	0	0	0	10001	100	0	0	0	0
30030	单体攻击	40030	1	1	1	1	1	0	0	2	0	100	0	0	0	10001	100	0	0	0	0
30037	单体攻击	40037	1	1	0	1	1	0	0	2	0	100	0	0	0	10001	100	0	0	0	0
30036	单体攻击+概率眩晕	40036	1	1	1	1	1	0	0	2	0	100	0	0	100	10000	100	0	0	0	0
30035	单体攻击	40035	1	1	0	1	1	0	0	2	0	100	0	0	0	10001	100	0	0	0	0
30034	单体攻击	40034	1	1	0	1	1	0	0	2	0	100	0	0	0	10001	100	0	0	0	0
30039	单体攻击	40039	1	1	0	1	1	0	0	2	0	100	0	0	0	10001	100	0	0	0	0
30038	单体攻击	40038	1	1	0	1	1	0	0	2	0	100	0	0	0	10001	100	0	0	0	0
40182	单体攻击+概率眩晕	60044	4	6	1	0	2	0	0	2	0	124	0	45	500	10000	100	0	0	0	0
40068	单体攻击	60022	2	6	0	0	2	0	0	2	0	126	0	23	0	10001	100	0	0	0	0
80429	外功抗性	50000	9	10	2	1	2	18	8	1	0	0	36	0	0	0	0	0	0	0	0
80428	外功抗性	50000	8	10	2	1	2	18	8	1	0	0	32	0	0	0	0	0	0	0	0
40063	竖排	60017	2	6	0	0	2	0	2	2	0	99	0	18	0	10001	100	0	0	0	0
40062	全体治疗+持续治疗Buff	60016	2	6	0	0	2	1	3	1	0	50	0	17	1000	10015	100	0	0	0	0
40064	随机两个个目标	60018	2	6	1	0	2	0	4	2	0	93	0	19	0	10001	100	0	0	0	0
50017	单体攻击	40017	1	1	1	0	1	0	0	2	0	100	0	0	0	10001	100	0	0	0	0
50016	单体攻击	40016	1	1	0	0	1	0	0	2	0	100	0	0	0	10001	100	0	0	0	0
50015	单体攻击+概率控制	40015	1	1	1	0	1	0	0	2	0	100	0	0	150	10000	100	0	0	0	0
50014	单体攻击	40014	1	1	0	0	1	0	0	2	0	100	0	0	0	10001	100	0	0	0	0
50013	单体攻击	40013	1	1	0	0	1	0	4	2	0	90	0	0	0	10001	100	0	0	0	0
50012	单体攻击	40012	1	1	0	0	1	0	0	2	0	100	0	0	0	10001	100	0	0	0	0
50011	单体攻击	40011	1	1	0	0	1	0	0	2	0	100	0	0	0	10001	100	0	0	0	0
50010	单体攻击	40010	1	1	0	0	1	0	7	2	0	70	0	0	0	10001	100	0	0	0	0
50019	单体攻击	40019	1	1	0	0	1	0	0	2	0	100	0	0	0	10001	100	0	0	0	0
50018	单体攻击	40018	1	1	0	0	1	0	0	2	0	100	0	0	0	10001	100	0	0	0	0
80018	攻击	50000	8	10	2	1	2	10	8	1	0	0	2400	0	0	0	0	0	0	0	0
80019	攻击	50000	9	10	2	1	2	10	8	1	0	0	2700	0	0	0	0	0	0	0	0
80016	攻击	50000	6	10	2	1	2	10	8	1	0	0	1800	0	0	0	0	0	0	0	0
80017	攻击	50000	7	10	2	1	2	10	8	1	0	0	2100	0	0	0	0	0	0	0	0
80014	攻击	50000	4	10	2	1	2	10	8	1	0	0	1200	0	0	0	0	0	0	0	0
80015	攻击	50000	5	10	2	1	2	10	8	1	0	0	1500	0	0	0	0	0	0	0	0
80012	攻击	50000	2	10	2	1	2	10	8	1	0	0	600	0	0	0	0	0	0	0	0
80013	攻击	50000	3	10	2	1	2	10	8	1	0	0	900	0	0	0	0	0	0	0	0
80010	攻击	50000	10	10	2	1	2	10	8	1	0	0	2000	0	0	0	0	0	0	0	0
80011	攻击	50000	1	10	2	1	2	10	8	1	0	0	300	0	0	0	0	0	0	0	0
